mean_test_score,metric_roc_auc,metric_average_precision,mean_fit_time,params,rank_test_scores,status,budgets,param_classifier:__choice__,param_data_preprocessor:__choice__,param_feature_preprocessor:__choice__,param_classifier:KNNClassifier:contamination,param_classifier:KNNClassifier:method,param_classifier:KNNClassifier:n_neighbors,param_classifier:KNNClassifier:p,param_classifier:COPODClassifier:contamination,param_classifier:CBLOFClassifier:alpha,param_classifier:CBLOFClassifier:beta,param_classifier:CBLOFClassifier:contamination,param_classifier:CBLOFClassifier:n_clusters,param_classifier:CBLOFClassifier:use_weights,param_classifier:LOFClassifier:contamination,param_classifier:LOFClassifier:n_neighbors,param_classifier:LOFClassifier:p,param_classifier:IForestClassifier:bootstrap,param_classifier:IForestClassifier:contamination,param_classifier:IForestClassifier:max_features,param_classifier:IForestClassifier:max_samples,param_classifier:IForestClassifier:n_estimators
0.63,0.63,0.6109570494864613,2.214472532272339,"{'classifier:__choice__': 'KNNClassifier', 'data_preprocessor:__choice__': 'NoPreprocessing', 'feature_preprocessor:__choice__': 'no_preprocessing', 'classifier:KNNClassifier:contamination': 0.15000000000000002, 'classifier:KNNClassifier:method': 'largest', 'classifier:KNNClassifier:n_neighbors': 136, 'classifier:KNNClassifier:p': 2}",41,Success,0.0,KNNClassifier,NoPreprocessing,no_preprocessing,0.15000000000000002,largest,136.0,2.0,,,,,,,,,,,,,,
0.64,0.64,0.6153526538820657,2.1180660724639893,"{'classifier:__choice__': 'KNNClassifier', 'data_preprocessor:__choice__': 'NoPreprocessing', 'feature_preprocessor:__choice__': 'no_preprocessing', 'classifier:KNNClassifier:contamination': 0.5, 'classifier:KNNClassifier:method': 'largest', 'classifier:KNNClassifier:n_neighbors': 77, 'classifier:KNNClassifier:p': 2}",14,Success,0.0,KNNClassifier,NoPreprocessing,no_preprocessing,0.5,largest,77.0,2.0,,,,,,,,,,,,,,
0.66,0.66,0.6820193205487323,1.8151545524597168,"{'classifier:__choice__': 'KNNClassifier', 'data_preprocessor:__choice__': 'NoPreprocessing', 'feature_preprocessor:__choice__': 'no_preprocessing', 'classifier:KNNClassifier:contamination': 0.1, 'classifier:KNNClassifier:method': 'largest', 'classifier:KNNClassifier:n_neighbors': 5, 'classifier:KNNClassifier:p': 2}",1,Success,0.0,KNNClassifier,NoPreprocessing,no_preprocessing,0.1,largest,5.0,2.0,,,,,,,,,,,,,,
0.63,0.63,0.6531792717086835,1.8413197994232178,"{'classifier:__choice__': 'KNNClassifier', 'data_preprocessor:__choice__': 'NoPreprocessing', 'feature_preprocessor:__choice__': 'no_preprocessing', 'classifier:KNNClassifier:contamination': 0.3, 'classifier:KNNClassifier:method': 'largest', 'classifier:KNNClassifier:n_neighbors': 19, 'classifier:KNNClassifier:p': 2}",41,Success,0.0,KNNClassifier,NoPreprocessing,no_preprocessing,0.3,largest,19.0,2.0,,,,,,,,,,,,,,
0.64,0.64,0.6153526538820657,2.489271402359009,"{'classifier:__choice__': 'KNNClassifier', 'data_preprocessor:__choice__': 'NoPreprocessing', 'feature_preprocessor:__choice__': 'no_preprocessing', 'classifier:KNNClassifier:contamination': 0.4, 'classifier:KNNClassifier:method': 'largest', 'classifier:KNNClassifier:n_neighbors': 47, 'classifier:KNNClassifier:p': 2}",14,Success,0.0,KNNClassifier,NoPreprocessing,no_preprocessing,0.4,largest,47.0,2.0,,,,,,,,,,,,,,
0.65,0.65,0.617984232829434,2.4392459392547607,"{'classifier:__choice__': 'KNNClassifier', 'data_preprocessor:__choice__': 'NoPreprocessing', 'feature_preprocessor:__choice__': 'no_preprocessing', 'classifier:KNNClassifier:contamination': 0.25, 'classifier:KNNClassifier:method': 'largest', 'classifier:KNNClassifier:n_neighbors': 165, 'classifier:KNNClassifier:p': 2}",2,Success,0.0,KNNClassifier,NoPreprocessing,no_preprocessing,0.25,largest,165.0,2.0,,,,,,,,,,,,,,
0.64,0.64,0.6698459383753501,1.973170518875122,"{'classifier:__choice__': 'KNNClassifier', 'data_preprocessor:__choice__': 'NoPreprocessing', 'feature_preprocessor:__choice__': 'no_preprocessing', 'classifier:KNNClassifier:contamination': 0.5, 'classifier:KNNClassifier:method': 'largest', 'classifier:KNNClassifier:n_neighbors': 17, 'classifier:KNNClassifier:p': 2}",14,Success,0.0,KNNClassifier,NoPreprocessing,no_preprocessing,0.5,largest,17.0,2.0,,,,,,,,,,,,,,
0.64,0.64,0.6153526538820657,2.3134925365448,"{'classifier:__choice__': 'KNNClassifier', 'data_preprocessor:__choice__': 'NoPreprocessing', 'feature_preprocessor:__choice__': 'no_preprocessing', 'classifier:KNNClassifier:contamination': 0.5, 'classifier:KNNClassifier:method': 'largest', 'classifier:KNNClassifier:n_neighbors': 91, 'classifier:KNNClassifier:p': 2}",14,Success,0.0,KNNClassifier,NoPreprocessing,no_preprocessing,0.5,largest,91.0,2.0,,,,,,,,,,,,,,
0.64,0.64,0.6153526538820657,2.1223437786102295,"{'classifier:__choice__': 'KNNClassifier', 'data_preprocessor:__choice__': 'NoPreprocessing', 'feature_preprocessor:__choice__': 'no_preprocessing', 'classifier:KNNClassifier:contamination': 0.05, 'classifier:KNNClassifier:method': 'largest', 'classifier:KNNClassifier:n_neighbors': 113, 'classifier:KNNClassifier:p': 2}",14,Success,0.0,KNNClassifier,NoPreprocessing,no_preprocessing,0.05,largest,113.0,2.0,,,,,,,,,,,,,,
0.65,0.65,0.6653526538820657,1.9974639415740967,"{'classifier:__choice__': 'KNNClassifier', 'data_preprocessor:__choice__': 'NoPreprocessing', 'feature_preprocessor:__choice__': 'no_preprocessing', 'classifier:KNNClassifier:contamination': 0.15000000000000002, 'classifier:KNNClassifier:method': 'largest', 'classifier:KNNClassifier:n_neighbors': 29, 'classifier:KNNClassifier:p': 2}",2,Success,0.0,KNNClassifier,NoPreprocessing,no_preprocessing,0.15000000000000002,largest,29.0,2.0,,,,,,,,,,,,,,
0.64,0.64,0.6153526538820657,2.093975067138672,"{'classifier:__choice__': 'KNNClassifier', 'data_preprocessor:__choice__': 'NoPreprocessing', 'feature_preprocessor:__choice__': 'no_preprocessing', 'classifier:KNNClassifier:contamination': 0.2, 'classifier:KNNClassifier:method': 'largest', 'classifier:KNNClassifier:n_neighbors': 75, 'classifier:KNNClassifier:p': 2}",14,Success,0.0,KNNClassifier,NoPreprocessing,no_preprocessing,0.2,largest,75.0,2.0,,,,,,,,,,,,,,
0.64,0.64,0.6698459383753501,2.1709494590759277,"{'classifier:__choice__': 'KNNClassifier', 'data_preprocessor:__choice__': 'NoPreprocessing', 'feature_preprocessor:__choice__': 'no_preprocessing', 'classifier:KNNClassifier:contamination': 0.2, 'classifier:KNNClassifier:method': 'largest', 'classifier:KNNClassifier:n_neighbors': 17, 'classifier:KNNClassifier:p': 2}",14,Success,0.0,KNNClassifier,NoPreprocessing,no_preprocessing,0.2,largest,17.0,2.0,,,,,,,,,,,,,,
0.64,0.64,0.6153526538820657,2.1034202575683594,"{'classifier:__choice__': 'KNNClassifier', 'data_preprocessor:__choice__': 'NoPreprocessing', 'feature_preprocessor:__choice__': 'no_preprocessing', 'classifier:KNNClassifier:contamination': 0.25, 'classifier:KNNClassifier:method': 'largest', 'classifier:KNNClassifier:n_neighbors': 117, 'classifier:KNNClassifier:p': 2}",14,Success,0.0,KNNClassifier,NoPreprocessing,no_preprocessing,0.25,largest,117.0,2.0,,,,,,,,,,,,,,
0.64,0.64,0.6153526538820657,2.1560122966766357,"{'classifier:__choice__': 'KNNClassifier', 'data_preprocessor:__choice__': 'NoPreprocessing', 'feature_preprocessor:__choice__': 'no_preprocessing', 'classifier:KNNClassifier:contamination': 0.5, 'classifier:KNNClassifier:method': 'largest', 'classifier:KNNClassifier:n_neighbors': 103, 'classifier:KNNClassifier:p': 2}",14,Success,0.0,KNNClassifier,NoPreprocessing,no_preprocessing,0.5,largest,103.0,2.0,,,,,,,,,,,,,,
0.64,0.64,0.6153526538820657,2.154177665710449,"{'classifier:__choice__': 'KNNClassifier', 'data_preprocessor:__choice__': 'NoPreprocessing', 'feature_preprocessor:__choice__': 'no_preprocessing', 'classifier:KNNClassifier:contamination': 0.4, 'classifier:KNNClassifier:method': 'largest', 'classifier:KNNClassifier:n_neighbors': 109, 'classifier:KNNClassifier:p': 2}",14,Success,0.0,KNNClassifier,NoPreprocessing,no_preprocessing,0.4,largest,109.0,2.0,,,,,,,,,,,,,,
0.65,0.65,0.6653526538820657,1.9587440490722656,"{'classifier:__choice__': 'KNNClassifier', 'data_preprocessor:__choice__': 'NoPreprocessing', 'feature_preprocessor:__choice__': 'no_preprocessing', 'classifier:KNNClassifier:contamination': 0.05, 'classifier:KNNClassifier:method': 'largest', 'classifier:KNNClassifier:n_neighbors': 33, 'classifier:KNNClassifier:p': 2}",2,Success,0.0,KNNClassifier,NoPreprocessing,no_preprocessing,0.05,largest,33.0,2.0,,,,,,,,,,,,,,
0.63,0.63,0.6109570494864613,2.28523588180542,"{'classifier:__choice__': 'KNNClassifier', 'data_preprocessor:__choice__': 'NoPreprocessing', 'feature_preprocessor:__choice__': 'no_preprocessing', 'classifier:KNNClassifier:contamination': 0.45, 'classifier:KNNClassifier:method': 'largest', 'classifier:KNNClassifier:n_neighbors': 130, 'classifier:KNNClassifier:p': 2}",41,Success,0.0,KNNClassifier,NoPreprocessing,no_preprocessing,0.45,largest,130.0,2.0,,,,,,,,,,,,,,
0.64,0.64,0.6153526538820657,2.227583885192871,"{'classifier:__choice__': 'KNNClassifier', 'data_preprocessor:__choice__': 'NoPreprocessing', 'feature_preprocessor:__choice__': 'no_preprocessing', 'classifier:KNNClassifier:contamination': 0.5, 'classifier:KNNClassifier:method': 'largest', 'classifier:KNNClassifier:n_neighbors': 84, 'classifier:KNNClassifier:p': 2}",14,Success,0.0,KNNClassifier,NoPreprocessing,no_preprocessing,0.5,largest,84.0,2.0,,,,,,,,,,,,,,
0.64,0.64,0.6153526538820657,2.222179412841797,"{'classifier:__choice__': 'KNNClassifier', 'data_preprocessor:__choice__': 'NoPreprocessing', 'feature_preprocessor:__choice__': 'no_preprocessing', 'classifier:KNNClassifier:contamination': 0.5, 'classifier:KNNClassifier:method': 'largest', 'classifier:KNNClassifier:n_neighbors': 67, 'classifier:KNNClassifier:p': 2}",14,Success,0.0,KNNClassifier,NoPreprocessing,no_preprocessing,0.5,largest,67.0,2.0,,,,,,,,,,,,,,
0.64,0.64,0.6153526538820657,2.2511723041534424,"{'classifier:__choice__': 'KNNClassifier', 'data_preprocessor:__choice__': 'NoPreprocessing', 'feature_preprocessor:__choice__': 'no_preprocessing', 'classifier:KNNClassifier:contamination': 0.25, 'classifier:KNNClassifier:method': 'largest', 'classifier:KNNClassifier:n_neighbors': 113, 'classifier:KNNClassifier:p': 2}",14,Success,0.0,KNNClassifier,NoPreprocessing,no_preprocessing,0.25,largest,113.0,2.0,,,,,,,,,,,,,,
0.65,0.65,0.617984232829434,2.1960577964782715,"{'classifier:__choice__': 'KNNClassifier', 'data_preprocessor:__choice__': 'NoPreprocessing', 'feature_preprocessor:__choice__': 'no_preprocessing', 'classifier:KNNClassifier:contamination': 0.35000000000000003, 'classifier:KNNClassifier:method': 'largest', 'classifier:KNNClassifier:n_neighbors': 173, 'classifier:KNNClassifier:p': 2}",2,Success,0.0,KNNClassifier,NoPreprocessing,no_preprocessing,0.35000000000000003,largest,173.0,2.0,,,,,,,,,,,,,,
0.65,0.65,0.617984232829434,2.390085220336914,"{'classifier:__choice__': 'KNNClassifier', 'data_preprocessor:__choice__': 'NoPreprocessing', 'feature_preprocessor:__choice__': 'no_preprocessing', 'classifier:KNNClassifier:contamination': 0.2, 'classifier:KNNClassifier:method': 'largest', 'classifier:KNNClassifier:n_neighbors': 179, 'classifier:KNNClassifier:p': 2}",2,Success,0.0,KNNClassifier,NoPreprocessing,no_preprocessing,0.2,largest,179.0,2.0,,,,,,,,,,,,,,
0.65,0.65,0.617984232829434,2.3409714698791504,"{'classifier:__choice__': 'KNNClassifier', 'data_preprocessor:__choice__': 'NoPreprocessing', 'feature_preprocessor:__choice__': 'no_preprocessing', 'classifier:KNNClassifier:contamination': 0.35000000000000003, 'classifier:KNNClassifier:method': 'largest', 'classifier:KNNClassifier:n_neighbors': 181, 'classifier:KNNClassifier:p': 2}",2,Success,0.0,KNNClassifier,NoPreprocessing,no_preprocessing,0.35000000000000003,largest,181.0,2.0,,,,,,,,,,,,,,
0.63,0.63,0.6109570494864613,2.1967363357543945,"{'classifier:__choice__': 'KNNClassifier', 'data_preprocessor:__choice__': 'NoPreprocessing', 'feature_preprocessor:__choice__': 'no_preprocessing', 'classifier:KNNClassifier:contamination': 0.25, 'classifier:KNNClassifier:method': 'largest', 'classifier:KNNClassifier:n_neighbors': 127, 'classifier:KNNClassifier:p': 2}",41,Success,0.0,KNNClassifier,NoPreprocessing,no_preprocessing,0.25,largest,127.0,2.0,,,,,,,,,,,,,,
0.63,0.63,0.6531792717086835,1.932224988937378,"{'classifier:__choice__': 'KNNClassifier', 'data_preprocessor:__choice__': 'NoPreprocessing', 'feature_preprocessor:__choice__': 'no_preprocessing', 'classifier:KNNClassifier:contamination': 0.5, 'classifier:KNNClassifier:method': 'largest', 'classifier:KNNClassifier:n_neighbors': 18, 'classifier:KNNClassifier:p': 2}",41,Success,0.0,KNNClassifier,NoPreprocessing,no_preprocessing,0.5,largest,18.0,2.0,,,,,,,,,,,,,,
0.64,0.64,0.6153526538820657,2.0508289337158203,"{'classifier:__choice__': 'KNNClassifier', 'data_preprocessor:__choice__': 'NoPreprocessing', 'feature_preprocessor:__choice__': 'no_preprocessing', 'classifier:KNNClassifier:contamination': 0.35000000000000003, 'classifier:KNNClassifier:method': 'largest', 'classifier:KNNClassifier:n_neighbors': 61, 'classifier:KNNClassifier:p': 2}",14,Success,0.0,KNNClassifier,NoPreprocessing,no_preprocessing,0.35000000000000003,largest,61.0,2.0,,,,,,,,,,,,,,
0.64,0.64,0.6153526538820657,1.9241688251495361,"{'classifier:__choice__': 'KNNClassifier', 'data_preprocessor:__choice__': 'NoPreprocessing', 'feature_preprocessor:__choice__': 'no_preprocessing', 'classifier:KNNClassifier:contamination': 0.35000000000000003, 'classifier:KNNClassifier:method': 'largest', 'classifier:KNNClassifier:n_neighbors': 53, 'classifier:KNNClassifier:p': 2}",14,Success,0.0,KNNClassifier,NoPreprocessing,no_preprocessing,0.35000000000000003,largest,53.0,2.0,,,,,,,,,,,,,,
0.63,0.63,0.6109570494864613,2.3367977142333984,"{'classifier:__choice__': 'KNNClassifier', 'data_preprocessor:__choice__': 'NoPreprocessing', 'feature_preprocessor:__choice__': 'no_preprocessing', 'classifier:KNNClassifier:contamination': 0.2, 'classifier:KNNClassifier:method': 'largest', 'classifier:KNNClassifier:n_neighbors': 129, 'classifier:KNNClassifier:p': 2}",41,Success,0.0,KNNClassifier,NoPreprocessing,no_preprocessing,0.2,largest,129.0,2.0,,,,,,,,,,,,,,
0.64,0.64,0.6153526538820657,2.195195436477661,"{'classifier:__choice__': 'KNNClassifier', 'data_preprocessor:__choice__': 'NoPreprocessing', 'feature_preprocessor:__choice__': 'no_preprocessing', 'classifier:KNNClassifier:contamination': 0.4, 'classifier:KNNClassifier:method': 'largest', 'classifier:KNNClassifier:n_neighbors': 105, 'classifier:KNNClassifier:p': 2}",14,Success,0.0,KNNClassifier,NoPreprocessing,no_preprocessing,0.4,largest,105.0,2.0,,,,,,,,,,,,,,
0.65,0.65,0.617984232829434,2.2121849060058594,"{'classifier:__choice__': 'KNNClassifier', 'data_preprocessor:__choice__': 'NoPreprocessing', 'feature_preprocessor:__choice__': 'no_preprocessing', 'classifier:KNNClassifier:contamination': 0.5, 'classifier:KNNClassifier:method': 'largest', 'classifier:KNNClassifier:n_neighbors': 181, 'classifier:KNNClassifier:p': 2}",2,Success,0.0,KNNClassifier,NoPreprocessing,no_preprocessing,0.5,largest,181.0,2.0,,,,,,,,,,,,,,
0.64,0.64,0.6153526538820657,2.070523977279663,"{'classifier:__choice__': 'KNNClassifier', 'data_preprocessor:__choice__': 'NoPreprocessing', 'feature_preprocessor:__choice__': 'no_preprocessing', 'classifier:KNNClassifier:contamination': 0.05, 'classifier:KNNClassifier:method': 'largest', 'classifier:KNNClassifier:n_neighbors': 47, 'classifier:KNNClassifier:p': 2}",14,Success,0.0,KNNClassifier,NoPreprocessing,no_preprocessing,0.05,largest,47.0,2.0,,,,,,,,,,,,,,
0.65,0.65,0.617984232829434,2.1861116886138916,"{'classifier:__choice__': 'KNNClassifier', 'data_preprocessor:__choice__': 'NoPreprocessing', 'feature_preprocessor:__choice__': 'no_preprocessing', 'classifier:KNNClassifier:contamination': 0.3, 'classifier:KNNClassifier:method': 'largest', 'classifier:KNNClassifier:n_neighbors': 176, 'classifier:KNNClassifier:p': 2}",2,Success,0.0,KNNClassifier,NoPreprocessing,no_preprocessing,0.3,largest,176.0,2.0,,,,,,,,,,,,,,
0.65,0.65,0.617984232829434,2.309349775314331,"{'classifier:__choice__': 'KNNClassifier', 'data_preprocessor:__choice__': 'NoPreprocessing', 'feature_preprocessor:__choice__': 'no_preprocessing', 'classifier:KNNClassifier:contamination': 0.25, 'classifier:KNNClassifier:method': 'largest', 'classifier:KNNClassifier:n_neighbors': 175, 'classifier:KNNClassifier:p': 2}",2,Success,0.0,KNNClassifier,NoPreprocessing,no_preprocessing,0.25,largest,175.0,2.0,,,,,,,,,,,,,,
0.64,0.64,0.6150430563588458,2.4673755168914795,"{'classifier:__choice__': 'KNNClassifier', 'data_preprocessor:__choice__': 'NoPreprocessing', 'feature_preprocessor:__choice__': 'no_preprocessing', 'classifier:KNNClassifier:contamination': 0.25, 'classifier:KNNClassifier:method': 'largest', 'classifier:KNNClassifier:n_neighbors': 193, 'classifier:KNNClassifier:p': 2}",14,Success,0.0,KNNClassifier,NoPreprocessing,no_preprocessing,0.25,largest,193.0,2.0,,,,,,,,,,,,,,
0.64,0.64,0.6153526538820657,2.3024938106536865,"{'classifier:__choice__': 'KNNClassifier', 'data_preprocessor:__choice__': 'NoPreprocessing', 'feature_preprocessor:__choice__': 'no_preprocessing', 'classifier:KNNClassifier:contamination': 0.4, 'classifier:KNNClassifier:method': 'largest', 'classifier:KNNClassifier:n_neighbors': 103, 'classifier:KNNClassifier:p': 2}",14,Success,0.0,KNNClassifier,NoPreprocessing,no_preprocessing,0.4,largest,103.0,2.0,,,,,,,,,,,,,,
0.63,0.63,0.6109570494864613,2.314704179763794,"{'classifier:__choice__': 'KNNClassifier', 'data_preprocessor:__choice__': 'NoPreprocessing', 'feature_preprocessor:__choice__': 'no_preprocessing', 'classifier:KNNClassifier:contamination': 0.2, 'classifier:KNNClassifier:method': 'largest', 'classifier:KNNClassifier:n_neighbors': 136, 'classifier:KNNClassifier:p': 2}",41,Success,0.0,KNNClassifier,NoPreprocessing,no_preprocessing,0.2,largest,136.0,2.0,,,,,,,,,,,,,,
0.64,0.64,0.6150430563588458,2.36541748046875,"{'classifier:__choice__': 'KNNClassifier', 'data_preprocessor:__choice__': 'NoPreprocessing', 'feature_preprocessor:__choice__': 'no_preprocessing', 'classifier:KNNClassifier:contamination': 0.3, 'classifier:KNNClassifier:method': 'largest', 'classifier:KNNClassifier:n_neighbors': 196, 'classifier:KNNClassifier:p': 2}",14,Success,0.0,KNNClassifier,NoPreprocessing,no_preprocessing,0.3,largest,196.0,2.0,,,,,,,,,,,,,,
0.65,0.65,0.617984232829434,2.2463276386260986,"{'classifier:__choice__': 'KNNClassifier', 'data_preprocessor:__choice__': 'NoPreprocessing', 'feature_preprocessor:__choice__': 'no_preprocessing', 'classifier:KNNClassifier:contamination': 0.35000000000000003, 'classifier:KNNClassifier:method': 'largest', 'classifier:KNNClassifier:n_neighbors': 163, 'classifier:KNNClassifier:p': 2}",2,Success,0.0,KNNClassifier,NoPreprocessing,no_preprocessing,0.35000000000000003,largest,163.0,2.0,,,,,,,,,,,,,,
0.64,0.64,0.6153526538820657,2.0146453380584717,"{'classifier:__choice__': 'KNNClassifier', 'data_preprocessor:__choice__': 'NoPreprocessing', 'feature_preprocessor:__choice__': 'no_preprocessing', 'classifier:KNNClassifier:contamination': 0.05, 'classifier:KNNClassifier:method': 'largest', 'classifier:KNNClassifier:n_neighbors': 40, 'classifier:KNNClassifier:p': 2}",14,Success,0.0,KNNClassifier,NoPreprocessing,no_preprocessing,0.05,largest,40.0,2.0,,,,,,,,,,,,,,
0.64,0.64,0.6153526538820657,2.3801026344299316,"{'classifier:__choice__': 'KNNClassifier', 'data_preprocessor:__choice__': 'NoPreprocessing', 'feature_preprocessor:__choice__': 'no_preprocessing', 'classifier:KNNClassifier:contamination': 0.2, 'classifier:KNNClassifier:method': 'largest', 'classifier:KNNClassifier:n_neighbors': 149, 'classifier:KNNClassifier:p': 2}",14,Success,0.0,KNNClassifier,NoPreprocessing,no_preprocessing,0.2,largest,149.0,2.0,,,,,,,,,,,,,,
0.65,0.65,0.617984232829434,2.331035852432251,"{'classifier:__choice__': 'KNNClassifier', 'data_preprocessor:__choice__': 'NoPreprocessing', 'feature_preprocessor:__choice__': 'no_preprocessing', 'classifier:KNNClassifier:contamination': 0.2, 'classifier:KNNClassifier:method': 'largest', 'classifier:KNNClassifier:n_neighbors': 166, 'classifier:KNNClassifier:p': 2}",2,Success,0.0,KNNClassifier,NoPreprocessing,no_preprocessing,0.2,largest,166.0,2.0,,,,,,,,,,,,,,
0.65,0.65,0.617984232829434,2.372001886367798,"{'classifier:__choice__': 'KNNClassifier', 'data_preprocessor:__choice__': 'NoPreprocessing', 'feature_preprocessor:__choice__': 'no_preprocessing', 'classifier:KNNClassifier:contamination': 0.05, 'classifier:KNNClassifier:method': 'largest', 'classifier:KNNClassifier:n_neighbors': 160, 'classifier:KNNClassifier:p': 2}",2,Success,0.0,KNNClassifier,NoPreprocessing,no_preprocessing,0.05,largest,160.0,2.0,,,,,,,,,,,,,,
0.64,0.64,0.6698459383753501,2.0695180892944336,"{'classifier:__choice__': 'KNNClassifier', 'data_preprocessor:__choice__': 'NoPreprocessing', 'feature_preprocessor:__choice__': 'no_preprocessing', 'classifier:KNNClassifier:contamination': 0.2, 'classifier:KNNClassifier:method': 'largest', 'classifier:KNNClassifier:n_neighbors': 16, 'classifier:KNNClassifier:p': 2}",14,Success,0.0,KNNClassifier,NoPreprocessing,no_preprocessing,0.2,largest,16.0,2.0,,,,,,,,,,,,,,
0.63,0.63,0.6109570494864613,2.221449136734009,"{'classifier:__choice__': 'KNNClassifier', 'data_preprocessor:__choice__': 'NoPreprocessing', 'feature_preprocessor:__choice__': 'no_preprocessing', 'classifier:KNNClassifier:contamination': 0.35000000000000003, 'classifier:KNNClassifier:method': 'largest', 'classifier:KNNClassifier:n_neighbors': 130, 'classifier:KNNClassifier:p': 2}",41,Success,0.0,KNNClassifier,NoPreprocessing,no_preprocessing,0.35000000000000003,largest,130.0,2.0,,,,,,,,,,,,,,
0.6399999999999999,0.6399999999999999,0.6575748761042879,1.9591166973114014,"{'classifier:__choice__': 'KNNClassifier', 'data_preprocessor:__choice__': 'NoPreprocessing', 'feature_preprocessor:__choice__': 'no_preprocessing', 'classifier:KNNClassifier:contamination': 0.2, 'classifier:KNNClassifier:method': 'largest', 'classifier:KNNClassifier:n_neighbors': 24, 'classifier:KNNClassifier:p': 2}",39,Success,0.0,KNNClassifier,NoPreprocessing,no_preprocessing,0.2,largest,24.0,2.0,,,,,,,,,,,,,,
0.64,0.64,0.6153526538820657,1.9934391975402832,"{'classifier:__choice__': 'KNNClassifier', 'data_preprocessor:__choice__': 'NoPreprocessing', 'feature_preprocessor:__choice__': 'no_preprocessing', 'classifier:KNNClassifier:contamination': 0.4, 'classifier:KNNClassifier:method': 'largest', 'classifier:KNNClassifier:n_neighbors': 73, 'classifier:KNNClassifier:p': 2}",14,Success,0.0,KNNClassifier,NoPreprocessing,no_preprocessing,0.4,largest,73.0,2.0,,,,,,,,,,,,,,
0.6399999999999999,0.6399999999999999,0.6575748761042879,2.2635533809661865,"{'classifier:__choice__': 'KNNClassifier', 'data_preprocessor:__choice__': 'NoPreprocessing', 'feature_preprocessor:__choice__': 'no_preprocessing', 'classifier:KNNClassifier:contamination': 0.1, 'classifier:KNNClassifier:method': 'largest', 'classifier:KNNClassifier:n_neighbors': 28, 'classifier:KNNClassifier:p': 2}",39,Success,0.0,KNNClassifier,NoPreprocessing,no_preprocessing,0.1,largest,28.0,2.0,,,,,,,,,,,,,,
0.64,0.64,0.6153526538820657,2.121238946914673,"{'classifier:__choice__': 'KNNClassifier', 'data_preprocessor:__choice__': 'NoPreprocessing', 'feature_preprocessor:__choice__': 'no_preprocessing', 'classifier:KNNClassifier:contamination': 0.25, 'classifier:KNNClassifier:method': 'largest', 'classifier:KNNClassifier:n_neighbors': 34, 'classifier:KNNClassifier:p': 2}",14,Success,0.0,KNNClassifier,NoPreprocessing,no_preprocessing,0.25,largest,34.0,2.0,,,,,,,,,,,,,,
0.0,,,2.006767511367798,"{'classifier:__choice__': 'KNNClassifier', 'data_preprocessor:__choice__': 'NoPreprocessing', 'feature_preprocessor:__choice__': 'no_preprocessing', 'classifier:KNNClassifier:contamination': 0.05, 'classifier:KNNClassifier:method': 'largest', 'classifier:KNNClassifier:n_neighbors': 57, 'classifier:KNNClassifier:p': 2}",49,Timeout,0.0,KNNClassifier,NoPreprocessing,no_preprocessing,0.05,largest,57.0,2.0,,,,,,,,,,,,,,
0.44999999999999996,0.44999999999999996,0.5035394670688789,0.9077022075653076,"{'classifier:__choice__': 'COPODClassifier', 'data_preprocessor:__choice__': 'NoPreprocessing', 'feature_preprocessor:__choice__': 'no_preprocessing', 'classifier:COPODClassifier:contamination': 0.15000000000000002}",1,Success,0.0,COPODClassifier,NoPreprocessing,no_preprocessing,,,,,0.15000000000000002,,,,,,,,,,,,,
0.44999999999999996,0.44999999999999996,0.5035394670688789,0.8857591152191162,"{'classifier:__choice__': 'COPODClassifier', 'data_preprocessor:__choice__': 'NoPreprocessing', 'feature_preprocessor:__choice__': 'no_preprocessing', 'classifier:COPODClassifier:contamination': 0.35000000000000003}",1,Success,0.0,COPODClassifier,NoPreprocessing,no_preprocessing,,,,,0.35000000000000003,,,,,,,,,,,,,
0.44999999999999996,0.44999999999999996,0.5035394670688789,0.9431116580963135,"{'classifier:__choice__': 'COPODClassifier', 'data_preprocessor:__choice__': 'NoPreprocessing', 'feature_preprocessor:__choice__': 'no_preprocessing', 'classifier:COPODClassifier:contamination': 0.5}",1,Success,0.0,COPODClassifier,NoPreprocessing,no_preprocessing,,,,,0.5,,,,,,,,,,,,,
0.44999999999999996,0.44999999999999996,0.5035394670688789,0.8761365413665771,"{'classifier:__choice__': 'COPODClassifier', 'data_preprocessor:__choice__': 'NoPreprocessing', 'feature_preprocessor:__choice__': 'no_preprocessing', 'classifier:COPODClassifier:contamination': 0.2}",1,Success,0.0,COPODClassifier,NoPreprocessing,no_preprocessing,,,,,0.2,,,,,,,,,,,,,
0.44999999999999996,0.44999999999999996,0.5035394670688789,0.8808407783508301,"{'classifier:__choice__': 'COPODClassifier', 'data_preprocessor:__choice__': 'NoPreprocessing', 'feature_preprocessor:__choice__': 'no_preprocessing', 'classifier:COPODClassifier:contamination': 0.3}",1,Success,0.0,COPODClassifier,NoPreprocessing,no_preprocessing,,,,,0.3,,,,,,,,,,,,,
0.44999999999999996,0.44999999999999996,0.5035394670688789,0.8741719722747803,"{'classifier:__choice__': 'COPODClassifier', 'data_preprocessor:__choice__': 'NoPreprocessing', 'feature_preprocessor:__choice__': 'no_preprocessing', 'classifier:COPODClassifier:contamination': 0.05}",1,Success,0.0,COPODClassifier,NoPreprocessing,no_preprocessing,,,,,0.05,,,,,,,,,,,,,
0.44999999999999996,0.44999999999999996,0.5035394670688789,0.8898606300354004,"{'classifier:__choice__': 'COPODClassifier', 'data_preprocessor:__choice__': 'NoPreprocessing', 'feature_preprocessor:__choice__': 'no_preprocessing', 'classifier:COPODClassifier:contamination': 0.4}",1,Success,0.0,COPODClassifier,NoPreprocessing,no_preprocessing,,,,,0.4,,,,,,,,,,,,,
0.44999999999999996,0.44999999999999996,0.5035394670688789,0.8787252902984619,"{'classifier:__choice__': 'COPODClassifier', 'data_preprocessor:__choice__': 'NoPreprocessing', 'feature_preprocessor:__choice__': 'no_preprocessing', 'classifier:COPODClassifier:contamination': 0.25}",1,Success,0.0,COPODClassifier,NoPreprocessing,no_preprocessing,,,,,0.25,,,,,,,,,,,,,
0.44999999999999996,0.44999999999999996,0.5035394670688789,0.8735945224761963,"{'classifier:__choice__': 'COPODClassifier', 'data_preprocessor:__choice__': 'NoPreprocessing', 'feature_preprocessor:__choice__': 'no_preprocessing', 'classifier:COPODClassifier:contamination': 0.45}",1,Success,0.0,COPODClassifier,NoPreprocessing,no_preprocessing,,,,,0.45,,,,,,,,,,,,,
0.44999999999999996,0.44999999999999996,0.5035394670688789,0.874798059463501,"{'classifier:__choice__': 'COPODClassifier', 'data_preprocessor:__choice__': 'NoPreprocessing', 'feature_preprocessor:__choice__': 'no_preprocessing', 'classifier:COPODClassifier:contamination': 0.1}",1,Success,0.0,COPODClassifier,NoPreprocessing,no_preprocessing,,,,,0.1,,,,,,,,,,,,,
0.43000000000000005,0.43000000000000005,0.4986135647977752,2.24634051322937,"{'classifier:__choice__': 'CBLOFClassifier', 'data_preprocessor:__choice__': 'NoPreprocessing', 'feature_preprocessor:__choice__': 'no_preprocessing', 'classifier:CBLOFClassifier:alpha': 0.6, 'classifier:CBLOFClassifier:beta': 14, 'classifier:CBLOFClassifier:contamination': 0.5, 'classifier:CBLOFClassifier:n_clusters': 8, 'classifier:CBLOFClassifier:use_weights': 'False'}",43,Success,0.0,CBLOFClassifier,NoPreprocessing,no_preprocessing,,,,,,0.6,14.0,0.5,8.0,False,,,,,,,,
0.5800000000000001,0.5800000000000001,0.6067567155067155,2.2307310104370117,"{'classifier:__choice__': 'CBLOFClassifier', 'data_preprocessor:__choice__': 'NoPreprocessing', 'feature_preprocessor:__choice__': 'no_preprocessing', 'classifier:CBLOFClassifier:alpha': 0.8, 'classifier:CBLOFClassifier:beta': 4, 'classifier:CBLOFClassifier:contamination': 0.4, 'classifier:CBLOFClassifier:n_clusters': 4, 'classifier:CBLOFClassifier:use_weights': 'False'}",12,Success,0.0,CBLOFClassifier,NoPreprocessing,no_preprocessing,,,,,,0.8,4.0,0.4,4.0,False,,,,,,,,
0.45999999999999996,0.45999999999999996,0.5103360528360529,2.2410359382629395,"{'classifier:__choice__': 'CBLOFClassifier', 'data_preprocessor:__choice__': 'NoPreprocessing', 'feature_preprocessor:__choice__': 'no_preprocessing', 'classifier:CBLOFClassifier:alpha': 0.9, 'classifier:CBLOFClassifier:beta': 6, 'classifier:CBLOFClassifier:contamination': 0.1, 'classifier:CBLOFClassifier:n_clusters': 8, 'classifier:CBLOFClassifier:use_weights': 'False'}",38,Success,0.0,CBLOFClassifier,NoPreprocessing,no_preprocessing,,,,,,0.9,6.0,0.1,8.0,False,,,,,,,,
0.49,0.49,0.5728940422322775,2.1494548320770264,"{'classifier:__choice__': 'CBLOFClassifier', 'data_preprocessor:__choice__': 'NoPreprocessing', 'feature_preprocessor:__choice__': 'no_preprocessing', 'classifier:CBLOFClassifier:alpha': 0.75, 'classifier:CBLOFClassifier:beta': 18, 'classifier:CBLOFClassifier:contamination': 0.5, 'classifier:CBLOFClassifier:n_clusters': 2, 'classifier:CBLOFClassifier:use_weights': 'False'}",26,Success,0.0,CBLOFClassifier,NoPreprocessing,no_preprocessing,,,,,,0.75,18.0,0.5,2.0,False,,,,,,,,
0.0,,,0.4706764221191406,"{'classifier:__choice__': 'CBLOFClassifier', 'data_preprocessor:__choice__': 'NoPreprocessing', 'feature_preprocessor:__choice__': 'no_preprocessing', 'classifier:CBLOFClassifier:alpha': 1.0, 'classifier:CBLOFClassifier:beta': 10, 'classifier:CBLOFClassifier:contamination': 0.05, 'classifier:CBLOFClassifier:n_clusters': 10, 'classifier:CBLOFClassifier:use_weights': 'False'}",46,Crash,0.0,CBLOFClassifier,NoPreprocessing,no_preprocessing,,,,,,1.0,10.0,0.05,10.0,False,,,,,,,,
0.43000000000000005,0.43000000000000005,0.4986135647977752,2.263429641723633,"{'classifier:__choice__': 'CBLOFClassifier', 'data_preprocessor:__choice__': 'NoPreprocessing', 'feature_preprocessor:__choice__': 'no_preprocessing', 'classifier:CBLOFClassifier:alpha': 0.6, 'classifier:CBLOFClassifier:beta': 4, 'classifier:CBLOFClassifier:contamination': 0.2, 'classifier:CBLOFClassifier:n_clusters': 8, 'classifier:CBLOFClassifier:use_weights': 'False'}",43,Success,0.0,CBLOFClassifier,NoPreprocessing,no_preprocessing,,,,,,0.6,4.0,0.2,8.0,False,,,,,,,,
0.48,0.48,0.5092326627620745,2.292104482650757,"{'classifier:__choice__': 'CBLOFClassifier', 'data_preprocessor:__choice__': 'NoPreprocessing', 'feature_preprocessor:__choice__': 'no_preprocessing', 'classifier:CBLOFClassifier:alpha': 0.7, 'classifier:CBLOFClassifier:beta': 4, 'classifier:CBLOFClassifier:contamination': 0.25, 'classifier:CBLOFClassifier:n_clusters': 10, 'classifier:CBLOFClassifier:use_weights': 'False'}",32,Success,0.0,CBLOFClassifier,NoPreprocessing,no_preprocessing,,,,,,0.7,4.0,0.25,10.0,False,,,,,,,,
0.0,,,0.4695451259613037,"{'classifier:__choice__': 'CBLOFClassifier', 'data_preprocessor:__choice__': 'NoPreprocessing', 'feature_preprocessor:__choice__': 'no_preprocessing', 'classifier:CBLOFClassifier:alpha': 1.0, 'classifier:CBLOFClassifier:beta': 12, 'classifier:CBLOFClassifier:contamination': 0.4, 'classifier:CBLOFClassifier:n_clusters': 10, 'classifier:CBLOFClassifier:use_weights': 'False'}",46,Crash,0.0,CBLOFClassifier,NoPreprocessing,no_preprocessing,,,,,,1.0,12.0,0.4,10.0,False,,,,,,,,
0.47,0.47,0.5033505331957344,2.308382987976074,"{'classifier:__choice__': 'CBLOFClassifier', 'data_preprocessor:__choice__': 'NoPreprocessing', 'feature_preprocessor:__choice__': 'no_preprocessing', 'classifier:CBLOFClassifier:alpha': 0.5, 'classifier:CBLOFClassifier:beta': 4, 'classifier:CBLOFClassifier:contamination': 0.45, 'classifier:CBLOFClassifier:n_clusters': 12, 'classifier:CBLOFClassifier:use_weights': 'False'}",37,Success,0.0,CBLOFClassifier,NoPreprocessing,no_preprocessing,,,,,,0.5,4.0,0.45,12.0,False,,,,,,,,
0.0,,,0.4746577739715576,"{'classifier:__choice__': 'CBLOFClassifier', 'data_preprocessor:__choice__': 'NoPreprocessing', 'feature_preprocessor:__choice__': 'no_preprocessing', 'classifier:CBLOFClassifier:alpha': 1.0, 'classifier:CBLOFClassifier:beta': 10, 'classifier:CBLOFClassifier:contamination': 0.5, 'classifier:CBLOFClassifier:n_clusters': 6, 'classifier:CBLOFClassifier:use_weights': 'False'}",46,Crash,0.0,CBLOFClassifier,NoPreprocessing,no_preprocessing,,,,,,1.0,10.0,0.5,6.0,False,,,,,,,,
0.6000000000000001,0.6000000000000001,0.6161813186813186,2.321218967437744,"{'classifier:__choice__': 'CBLOFClassifier', 'data_preprocessor:__choice__': 'NoPreprocessing', 'feature_preprocessor:__choice__': 'no_preprocessing', 'classifier:CBLOFClassifier:alpha': 0.75, 'classifier:CBLOFClassifier:beta': 12, 'classifier:CBLOFClassifier:contamination': 0.35000000000000003, 'classifier:CBLOFClassifier:n_clusters': 14, 'classifier:CBLOFClassifier:use_weights': 'False'}",3,Success,0.0,CBLOFClassifier,NoPreprocessing,no_preprocessing,,,,,,0.75,12.0,0.35000000000000003,14.0,False,,,,,,,,
0.6000000000000001,0.6000000000000001,0.6034287934287934,2.3908767700195312,"{'classifier:__choice__': 'CBLOFClassifier', 'data_preprocessor:__choice__': 'NoPreprocessing', 'feature_preprocessor:__choice__': 'no_preprocessing', 'classifier:CBLOFClassifier:alpha': 0.65, 'classifier:CBLOFClassifier:beta': 18, 'classifier:CBLOFClassifier:contamination': 0.35000000000000003, 'classifier:CBLOFClassifier:n_clusters': 16, 'classifier:CBLOFClassifier:use_weights': 'False'}",3,Success,0.0,CBLOFClassifier,NoPreprocessing,no_preprocessing,,,,,,0.65,18.0,0.35000000000000003,16.0,False,,,,,,,,
0.49,0.49,0.5728940422322775,2.1513733863830566,"{'classifier:__choice__': 'CBLOFClassifier', 'data_preprocessor:__choice__': 'NoPreprocessing', 'feature_preprocessor:__choice__': 'no_preprocessing', 'classifier:CBLOFClassifier:alpha': 0.75, 'classifier:CBLOFClassifier:beta': 14, 'classifier:CBLOFClassifier:contamination': 0.5, 'classifier:CBLOFClassifier:n_clusters': 2, 'classifier:CBLOFClassifier:use_weights': 'False'}",26,Success,0.0,CBLOFClassifier,NoPreprocessing,no_preprocessing,,,,,,0.75,14.0,0.5,2.0,False,,,,,,,,
0.5800000000000001,0.5800000000000001,0.6216883116883116,2.2424042224884033,"{'classifier:__choice__': 'CBLOFClassifier', 'data_preprocessor:__choice__': 'NoPreprocessing', 'feature_preprocessor:__choice__': 'no_preprocessing', 'classifier:CBLOFClassifier:alpha': 0.8500000000000001, 'classifier:CBLOFClassifier:beta': 8, 'classifier:CBLOFClassifier:contamination': 0.35000000000000003, 'classifier:CBLOFClassifier:n_clusters': 6, 'classifier:CBLOFClassifier:use_weights': 'False'}",12,Success,0.0,CBLOFClassifier,NoPreprocessing,no_preprocessing,,,,,,0.8500000000000001,8.0,0.35000000000000003,6.0,False,,,,,,,,
0.48,0.48,0.5092326627620745,2.280907154083252,"{'classifier:__choice__': 'CBLOFClassifier', 'data_preprocessor:__choice__': 'NoPreprocessing', 'feature_preprocessor:__choice__': 'no_preprocessing', 'classifier:CBLOFClassifier:alpha': 0.7, 'classifier:CBLOFClassifier:beta': 14, 'classifier:CBLOFClassifier:contamination': 0.4, 'classifier:CBLOFClassifier:n_clusters': 10, 'classifier:CBLOFClassifier:use_weights': 'False'}",32,Success,0.0,CBLOFClassifier,NoPreprocessing,no_preprocessing,,,,,,0.7,14.0,0.4,10.0,False,,,,,,,,
0.0,,,0.47130632400512695,"{'classifier:__choice__': 'CBLOFClassifier', 'data_preprocessor:__choice__': 'NoPreprocessing', 'feature_preprocessor:__choice__': 'no_preprocessing', 'classifier:CBLOFClassifier:alpha': 1.0, 'classifier:CBLOFClassifier:beta': 18, 'classifier:CBLOFClassifier:contamination': 0.05, 'classifier:CBLOFClassifier:n_clusters': 4, 'classifier:CBLOFClassifier:use_weights': 'False'}",46,Crash,0.0,CBLOFClassifier,NoPreprocessing,no_preprocessing,,,,,,1.0,18.0,0.05,4.0,False,,,,,,,,
0.6000000000000001,0.6000000000000001,0.6161813186813186,2.3265652656555176,"{'classifier:__choice__': 'CBLOFClassifier', 'data_preprocessor:__choice__': 'NoPreprocessing', 'feature_preprocessor:__choice__': 'no_preprocessing', 'classifier:CBLOFClassifier:alpha': 0.75, 'classifier:CBLOFClassifier:beta': 18, 'classifier:CBLOFClassifier:contamination': 0.25, 'classifier:CBLOFClassifier:n_clusters': 14, 'classifier:CBLOFClassifier:use_weights': 'False'}",3,Success,0.0,CBLOFClassifier,NoPreprocessing,no_preprocessing,,,,,,0.75,18.0,0.25,14.0,False,,,,,,,,
0.48,0.48,0.5092326627620745,2.433738946914673,"{'classifier:__choice__': 'CBLOFClassifier', 'data_preprocessor:__choice__': 'NoPreprocessing', 'feature_preprocessor:__choice__': 'no_preprocessing', 'classifier:CBLOFClassifier:alpha': 0.7, 'classifier:CBLOFClassifier:beta': 20, 'classifier:CBLOFClassifier:contamination': 0.4, 'classifier:CBLOFClassifier:n_clusters': 10, 'classifier:CBLOFClassifier:use_weights': 'False'}",32,Success,0.0,CBLOFClassifier,NoPreprocessing,no_preprocessing,,,,,,0.7,20.0,0.4,10.0,False,,,,,,,,
0.6000000000000001,0.6000000000000001,0.6034287934287934,2.4128127098083496,"{'classifier:__choice__': 'CBLOFClassifier', 'data_preprocessor:__choice__': 'NoPreprocessing', 'feature_preprocessor:__choice__': 'no_preprocessing', 'classifier:CBLOFClassifier:alpha': 0.65, 'classifier:CBLOFClassifier:beta': 14, 'classifier:CBLOFClassifier:contamination': 0.3, 'classifier:CBLOFClassifier:n_clusters': 16, 'classifier:CBLOFClassifier:use_weights': 'False'}",3,Success,0.0,CBLOFClassifier,NoPreprocessing,no_preprocessing,,,,,,0.65,14.0,0.3,16.0,False,,,,,,,,
0.5800000000000001,0.5800000000000001,0.6067567155067155,2.231499195098877,"{'classifier:__choice__': 'CBLOFClassifier', 'data_preprocessor:__choice__': 'NoPreprocessing', 'feature_preprocessor:__choice__': 'no_preprocessing', 'classifier:CBLOFClassifier:alpha': 0.8500000000000001, 'classifier:CBLOFClassifier:beta': 16, 'classifier:CBLOFClassifier:contamination': 0.05, 'classifier:CBLOFClassifier:n_clusters': 4, 'classifier:CBLOFClassifier:use_weights': 'False'}",12,Success,0.0,CBLOFClassifier,NoPreprocessing,no_preprocessing,,,,,,0.8500000000000001,16.0,0.05,4.0,False,,,,,,,,
0.5700000000000001,0.5700000000000001,0.5988202075702076,2.328659772872925,"{'classifier:__choice__': 'CBLOFClassifier', 'data_preprocessor:__choice__': 'NoPreprocessing', 'feature_preprocessor:__choice__': 'no_preprocessing', 'classifier:CBLOFClassifier:alpha': 0.7, 'classifier:CBLOFClassifier:beta': 16, 'classifier:CBLOFClassifier:contamination': 0.2, 'classifier:CBLOFClassifier:n_clusters': 14, 'classifier:CBLOFClassifier:use_weights': 'False'}",17,Success,0.0,CBLOFClassifier,NoPreprocessing,no_preprocessing,,,,,,0.7,16.0,0.2,14.0,False,,,,,,,,
0.49,0.49,0.5728940422322775,2.165706157684326,"{'classifier:__choice__': 'CBLOFClassifier', 'data_preprocessor:__choice__': 'NoPreprocessing', 'feature_preprocessor:__choice__': 'no_preprocessing', 'classifier:CBLOFClassifier:alpha': 0.5, 'classifier:CBLOFClassifier:beta': 16, 'classifier:CBLOFClassifier:contamination': 0.2, 'classifier:CBLOFClassifier:n_clusters': 2, 'classifier:CBLOFClassifier:use_weights': 'False'}",26,Success,0.0,CBLOFClassifier,NoPreprocessing,no_preprocessing,,,,,,0.5,16.0,0.2,2.0,False,,,,,,,,
0.5800000000000001,0.5800000000000001,0.6067567155067155,2.23246693611145,"{'classifier:__choice__': 'CBLOFClassifier', 'data_preprocessor:__choice__': 'NoPreprocessing', 'feature_preprocessor:__choice__': 'no_preprocessing', 'classifier:CBLOFClassifier:alpha': 0.8, 'classifier:CBLOFClassifier:beta': 14, 'classifier:CBLOFClassifier:contamination': 0.2, 'classifier:CBLOFClassifier:n_clusters': 4, 'classifier:CBLOFClassifier:use_weights': 'False'}",12,Success,0.0,CBLOFClassifier,NoPreprocessing,no_preprocessing,,,,,,0.8,14.0,0.2,4.0,False,,,,,,,,
0.6100000000000001,0.6100000000000001,0.6209379509379509,2.27270245552063,"{'classifier:__choice__': 'CBLOFClassifier', 'data_preprocessor:__choice__': 'NoPreprocessing', 'feature_preprocessor:__choice__': 'no_preprocessing', 'classifier:CBLOFClassifier:alpha': 0.9, 'classifier:CBLOFClassifier:beta': 8, 'classifier:CBLOFClassifier:contamination': 0.1, 'classifier:CBLOFClassifier:n_clusters': 4, 'classifier:CBLOFClassifier:use_weights': 'False'}",1,Success,0.0,CBLOFClassifier,NoPreprocessing,no_preprocessing,,,,,,0.9,8.0,0.1,4.0,False,,,,,,,,
0.5800000000000001,0.5800000000000001,0.6216883116883116,2.301299810409546,"{'classifier:__choice__': 'CBLOFClassifier', 'data_preprocessor:__choice__': 'NoPreprocessing', 'feature_preprocessor:__choice__': 'no_preprocessing', 'classifier:CBLOFClassifier:alpha': 0.7, 'classifier:CBLOFClassifier:beta': 4, 'classifier:CBLOFClassifier:contamination': 0.05, 'classifier:CBLOFClassifier:n_clusters': 6, 'classifier:CBLOFClassifier:use_weights': 'False'}",12,Success,0.0,CBLOFClassifier,NoPreprocessing,no_preprocessing,,,,,,0.7,4.0,0.05,6.0,False,,,,,,,,
0.0,,,0.47318458557128906,"{'classifier:__choice__': 'CBLOFClassifier', 'data_preprocessor:__choice__': 'NoPreprocessing', 'feature_preprocessor:__choice__': 'no_preprocessing', 'classifier:CBLOFClassifier:alpha': 1.0, 'classifier:CBLOFClassifier:beta': 2, 'classifier:CBLOFClassifier:contamination': 0.05, 'classifier:CBLOFClassifier:n_clusters': 4, 'classifier:CBLOFClassifier:use_weights': 'False'}",46,Crash,0.0,CBLOFClassifier,NoPreprocessing,no_preprocessing,,,,,,1.0,2.0,0.05,4.0,False,,,,,,,,
0.45999999999999996,0.45999999999999996,0.5103360528360529,2.2496848106384277,"{'classifier:__choice__': 'CBLOFClassifier', 'data_preprocessor:__choice__': 'NoPreprocessing', 'feature_preprocessor:__choice__': 'no_preprocessing', 'classifier:CBLOFClassifier:alpha': 0.95, 'classifier:CBLOFClassifier:beta': 6, 'classifier:CBLOFClassifier:contamination': 0.2, 'classifier:CBLOFClassifier:n_clusters': 8, 'classifier:CBLOFClassifier:use_weights': 'False'}",38,Success,0.0,CBLOFClassifier,NoPreprocessing,no_preprocessing,,,,,,0.95,6.0,0.2,8.0,False,,,,,,,,
0.48,0.48,0.5186327561327562,2.2548301219940186,"{'classifier:__choice__': 'CBLOFClassifier', 'data_preprocessor:__choice__': 'NoPreprocessing', 'feature_preprocessor:__choice__': 'no_preprocessing', 'classifier:CBLOFClassifier:alpha': 0.7, 'classifier:CBLOFClassifier:beta': 12, 'classifier:CBLOFClassifier:contamination': 0.3, 'classifier:CBLOFClassifier:n_clusters': 8, 'classifier:CBLOFClassifier:use_weights': 'False'}",32,Success,0.0,CBLOFClassifier,NoPreprocessing,no_preprocessing,,,,,,0.7,12.0,0.3,8.0,False,,,,,,,,
0.6000000000000001,0.6000000000000001,0.6034287934287934,2.400968551635742,"{'classifier:__choice__': 'CBLOFClassifier', 'data_preprocessor:__choice__': 'NoPreprocessing', 'feature_preprocessor:__choice__': 'no_preprocessing', 'classifier:CBLOFClassifier:alpha': 0.95, 'classifier:CBLOFClassifier:beta': 20, 'classifier:CBLOFClassifier:contamination': 0.1, 'classifier:CBLOFClassifier:n_clusters': 16, 'classifier:CBLOFClassifier:use_weights': 'False'}",3,Success,0.0,CBLOFClassifier,NoPreprocessing,no_preprocessing,,,,,,0.95,20.0,0.1,16.0,False,,,,,,,,
0.57,0.57,0.5894444444444444,2.3827340602874756,"{'classifier:__choice__': 'CBLOFClassifier', 'data_preprocessor:__choice__': 'NoPreprocessing', 'feature_preprocessor:__choice__': 'no_preprocessing', 'classifier:CBLOFClassifier:alpha': 0.6, 'classifier:CBLOFClassifier:beta': 12, 'classifier:CBLOFClassifier:contamination': 0.15000000000000002, 'classifier:CBLOFClassifier:n_clusters': 16, 'classifier:CBLOFClassifier:use_weights': 'False'}",19,Success,0.0,CBLOFClassifier,NoPreprocessing,no_preprocessing,,,,,,0.6,12.0,0.15000000000000002,16.0,False,,,,,,,,
0.0,,,0.4754211902618408,"{'classifier:__choice__': 'CBLOFClassifier', 'data_preprocessor:__choice__': 'NoPreprocessing', 'feature_preprocessor:__choice__': 'no_preprocessing', 'classifier:CBLOFClassifier:alpha': 1.0, 'classifier:CBLOFClassifier:beta': 6, 'classifier:CBLOFClassifier:contamination': 0.05, 'classifier:CBLOFClassifier:n_clusters': 8, 'classifier:CBLOFClassifier:use_weights': 'False'}",46,Crash,0.0,CBLOFClassifier,NoPreprocessing,no_preprocessing,,,,,,1.0,6.0,0.05,8.0,False,,,,,,,,
0.45999999999999996,0.45999999999999996,0.5103360528360529,2.2725796699523926,"{'classifier:__choice__': 'CBLOFClassifier', 'data_preprocessor:__choice__': 'NoPreprocessing', 'feature_preprocessor:__choice__': 'no_preprocessing', 'classifier:CBLOFClassifier:alpha': 0.8500000000000001, 'classifier:CBLOFClassifier:beta': 2, 'classifier:CBLOFClassifier:contamination': 0.3, 'classifier:CBLOFClassifier:n_clusters': 8, 'classifier:CBLOFClassifier:use_weights': 'False'}",38,Success,0.0,CBLOFClassifier,NoPreprocessing,no_preprocessing,,,,,,0.8500000000000001,2.0,0.3,8.0,False,,,,,,,,
0.0,,,0.48259639739990234,"{'classifier:__choice__': 'CBLOFClassifier', 'data_preprocessor:__choice__': 'NoPreprocessing', 'feature_preprocessor:__choice__': 'no_preprocessing', 'classifier:CBLOFClassifier:alpha': 1.0, 'classifier:CBLOFClassifier:beta': 16, 'classifier:CBLOFClassifier:contamination': 0.1, 'classifier:CBLOFClassifier:n_clusters': 16, 'classifier:CBLOFClassifier:use_weights': 'False'}",46,Crash,0.0,CBLOFClassifier,NoPreprocessing,no_preprocessing,,,,,,1.0,16.0,0.1,16.0,False,,,,,,,,
0.6100000000000001,0.6100000000000001,0.6209379509379509,2.235990285873413,"{'classifier:__choice__': 'CBLOFClassifier', 'data_preprocessor:__choice__': 'NoPreprocessing', 'feature_preprocessor:__choice__': 'no_preprocessing', 'classifier:CBLOFClassifier:alpha': 0.9, 'classifier:CBLOFClassifier:beta': 16, 'classifier:CBLOFClassifier:contamination': 0.4, 'classifier:CBLOFClassifier:n_clusters': 4, 'classifier:CBLOFClassifier:use_weights': 'False'}",1,Success,0.0,CBLOFClassifier,NoPreprocessing,no_preprocessing,,,,,,0.9,16.0,0.4,4.0,False,,,,,,,,
0.45999999999999996,0.45999999999999996,0.4986343721637839,2.2799651622772217,"{'classifier:__choice__': 'CBLOFClassifier', 'data_preprocessor:__choice__': 'NoPreprocessing', 'feature_preprocessor:__choice__': 'no_preprocessing', 'classifier:CBLOFClassifier:alpha': 0.55, 'classifier:CBLOFClassifier:beta': 8, 'classifier:CBLOFClassifier:contamination': 0.15000000000000002, 'classifier:CBLOFClassifier:n_clusters': 10, 'classifier:CBLOFClassifier:use_weights': 'False'}",38,Success,0.0,CBLOFClassifier,NoPreprocessing,no_preprocessing,,,,,,0.55,8.0,0.15000000000000002,10.0,False,,,,,,,,
0.0,,,0.4762840270996094,"{'classifier:__choice__': 'CBLOFClassifier', 'data_preprocessor:__choice__': 'NoPreprocessing', 'feature_preprocessor:__choice__': 'no_preprocessing', 'classifier:CBLOFClassifier:alpha': 1.0, 'classifier:CBLOFClassifier:beta': 8, 'classifier:CBLOFClassifier:contamination': 0.25, 'classifier:CBLOFClassifier:n_clusters': 12, 'classifier:CBLOFClassifier:use_weights': 'False'}",46,Crash,0.0,CBLOFClassifier,NoPreprocessing,no_preprocessing,,,,,,1.0,8.0,0.25,12.0,False,,,,,,,,
0.5700000000000001,0.5700000000000001,0.5988202075702076,2.3255698680877686,"{'classifier:__choice__': 'CBLOFClassifier', 'data_preprocessor:__choice__': 'NoPreprocessing', 'feature_preprocessor:__choice__': 'no_preprocessing', 'classifier:CBLOFClassifier:alpha': 0.7, 'classifier:CBLOFClassifier:beta': 14, 'classifier:CBLOFClassifier:contamination': 0.1, 'classifier:CBLOFClassifier:n_clusters': 14, 'classifier:CBLOFClassifier:use_weights': 'False'}",17,Success,0.0,CBLOFClassifier,NoPreprocessing,no_preprocessing,,,,,,0.7,14.0,0.1,14.0,False,,,,,,,,
0.43000000000000005,0.43000000000000005,0.4986135647977752,2.2897984981536865,"{'classifier:__choice__': 'CBLOFClassifier', 'data_preprocessor:__choice__': 'NoPreprocessing', 'feature_preprocessor:__choice__': 'no_preprocessing', 'classifier:CBLOFClassifier:alpha': 0.5, 'classifier:CBLOFClassifier:beta': 4, 'classifier:CBLOFClassifier:contamination': 0.2, 'classifier:CBLOFClassifier:n_clusters': 8, 'classifier:CBLOFClassifier:use_weights': 'False'}",43,Success,0.0,CBLOFClassifier,NoPreprocessing,no_preprocessing,,,,,,0.5,4.0,0.2,8.0,False,,,,,,,,
0.6000000000000001,0.6000000000000001,0.6034287934287934,2.388113021850586,"{'classifier:__choice__': 'CBLOFClassifier', 'data_preprocessor:__choice__': 'NoPreprocessing', 'feature_preprocessor:__choice__': 'no_preprocessing', 'classifier:CBLOFClassifier:alpha': 0.95, 'classifier:CBLOFClassifier:beta': 4, 'classifier:CBLOFClassifier:contamination': 0.45, 'classifier:CBLOFClassifier:n_clusters': 16, 'classifier:CBLOFClassifier:use_weights': 'False'}",3,Success,0.0,CBLOFClassifier,NoPreprocessing,no_preprocessing,,,,,,0.95,4.0,0.45,16.0,False,,,,,,,,
0.5,0.5,0.5185333620627738,2.2975449562072754,"{'classifier:__choice__': 'CBLOFClassifier', 'data_preprocessor:__choice__': 'NoPreprocessing', 'feature_preprocessor:__choice__': 'no_preprocessing', 'classifier:CBLOFClassifier:alpha': 0.9, 'classifier:CBLOFClassifier:beta': 2, 'classifier:CBLOFClassifier:contamination': 0.3, 'classifier:CBLOFClassifier:n_clusters': 10, 'classifier:CBLOFClassifier:use_weights': 'False'}",23,Success,0.0,CBLOFClassifier,NoPreprocessing,no_preprocessing,,,,,,0.9,2.0,0.3,10.0,False,,,,,,,,
0.5900000000000001,0.5900000000000001,0.6249562855445208,2.2469260692596436,"{'classifier:__choice__': 'CBLOFClassifier', 'data_preprocessor:__choice__': 'NoPreprocessing', 'feature_preprocessor:__choice__': 'no_preprocessing', 'classifier:CBLOFClassifier:alpha': 0.75, 'classifier:CBLOFClassifier:beta': 20, 'classifier:CBLOFClassifier:contamination': 0.45, 'classifier:CBLOFClassifier:n_clusters': 6, 'classifier:CBLOFClassifier:use_weights': 'False'}",10,Success,0.0,CBLOFClassifier,NoPreprocessing,no_preprocessing,,,,,,0.75,20.0,0.45,6.0,False,,,,,,,,
0.6000000000000001,0.6000000000000001,0.6034287934287934,2.3841681480407715,"{'classifier:__choice__': 'CBLOFClassifier', 'data_preprocessor:__choice__': 'NoPreprocessing', 'feature_preprocessor:__choice__': 'no_preprocessing', 'classifier:CBLOFClassifier:alpha': 0.65, 'classifier:CBLOFClassifier:beta': 4, 'classifier:CBLOFClassifier:contamination': 0.45, 'classifier:CBLOFClassifier:n_clusters': 16, 'classifier:CBLOFClassifier:use_weights': 'False'}",3,Success,0.0,CBLOFClassifier,NoPreprocessing,no_preprocessing,,,,,,0.65,4.0,0.45,16.0,False,,,,,,,,
0.45999999999999996,0.45999999999999996,0.4986343721637839,2.2870032787323,"{'classifier:__choice__': 'CBLOFClassifier', 'data_preprocessor:__choice__': 'NoPreprocessing', 'feature_preprocessor:__choice__': 'no_preprocessing', 'classifier:CBLOFClassifier:alpha': 0.55, 'classifier:CBLOFClassifier:beta': 10, 'classifier:CBLOFClassifier:contamination': 0.35000000000000003, 'classifier:CBLOFClassifier:n_clusters': 10, 'classifier:CBLOFClassifier:use_weights': 'False'}",38,Success,0.0,CBLOFClassifier,NoPreprocessing,no_preprocessing,,,,,,0.55,10.0,0.35000000000000003,10.0,False,,,,,,,,
0.55,0.55,0.610527155592945,2.246608257293701,"{'classifier:__choice__': 'CBLOFClassifier', 'data_preprocessor:__choice__': 'NoPreprocessing', 'feature_preprocessor:__choice__': 'no_preprocessing', 'classifier:CBLOFClassifier:alpha': 0.65, 'classifier:CBLOFClassifier:beta': 10, 'classifier:CBLOFClassifier:contamination': 0.45, 'classifier:CBLOFClassifier:n_clusters': 6, 'classifier:CBLOFClassifier:use_weights': 'False'}",20,Success,0.0,CBLOFClassifier,NoPreprocessing,no_preprocessing,,,,,,0.65,10.0,0.45,6.0,False,,,,,,,,
0.5,0.5,0.5185333620627738,2.289984703063965,"{'classifier:__choice__': 'CBLOFClassifier', 'data_preprocessor:__choice__': 'NoPreprocessing', 'feature_preprocessor:__choice__': 'no_preprocessing', 'classifier:CBLOFClassifier:alpha': 0.9, 'classifier:CBLOFClassifier:beta': 6, 'classifier:CBLOFClassifier:contamination': 0.1, 'classifier:CBLOFClassifier:n_clusters': 10, 'classifier:CBLOFClassifier:use_weights': 'False'}",23,Success,0.0,CBLOFClassifier,NoPreprocessing,no_preprocessing,,,,,,0.9,6.0,0.1,10.0,False,,,,,,,,
0.49,0.49,0.5105055105713,2.3148505687713623,"{'classifier:__choice__': 'CBLOFClassifier', 'data_preprocessor:__choice__': 'NoPreprocessing', 'feature_preprocessor:__choice__': 'no_preprocessing', 'classifier:CBLOFClassifier:alpha': 0.8, 'classifier:CBLOFClassifier:beta': 20, 'classifier:CBLOFClassifier:contamination': 0.5, 'classifier:CBLOFClassifier:n_clusters': 12, 'classifier:CBLOFClassifier:use_weights': 'False'}",26,Success,0.0,CBLOFClassifier,NoPreprocessing,no_preprocessing,,,,,,0.8,20.0,0.5,12.0,False,,,,,,,,
0.5,0.5,0.5185333620627738,2.3064467906951904,"{'classifier:__choice__': 'CBLOFClassifier', 'data_preprocessor:__choice__': 'NoPreprocessing', 'feature_preprocessor:__choice__': 'no_preprocessing', 'classifier:CBLOFClassifier:alpha': 0.8, 'classifier:CBLOFClassifier:beta': 14, 'classifier:CBLOFClassifier:contamination': 0.15000000000000002, 'classifier:CBLOFClassifier:n_clusters': 10, 'classifier:CBLOFClassifier:use_weights': 'False'}",23,Success,0.0,CBLOFClassifier,NoPreprocessing,no_preprocessing,,,,,,0.8,14.0,0.15000000000000002,10.0,False,,,,,,,,
0.48,0.48,0.5186327561327562,2.2645440101623535,"{'classifier:__choice__': 'CBLOFClassifier', 'data_preprocessor:__choice__': 'NoPreprocessing', 'feature_preprocessor:__choice__': 'no_preprocessing', 'classifier:CBLOFClassifier:alpha': 0.75, 'classifier:CBLOFClassifier:beta': 14, 'classifier:CBLOFClassifier:contamination': 0.5, 'classifier:CBLOFClassifier:n_clusters': 8, 'classifier:CBLOFClassifier:use_weights': 'False'}",32,Success,0.0,CBLOFClassifier,NoPreprocessing,no_preprocessing,,,,,,0.75,14.0,0.5,8.0,False,,,,,,,,
0.49,0.49,0.5105055105713,2.326707601547241,"{'classifier:__choice__': 'CBLOFClassifier', 'data_preprocessor:__choice__': 'NoPreprocessing', 'feature_preprocessor:__choice__': 'no_preprocessing', 'classifier:CBLOFClassifier:alpha': 0.75, 'classifier:CBLOFClassifier:beta': 14, 'classifier:CBLOFClassifier:contamination': 0.3, 'classifier:CBLOFClassifier:n_clusters': 12, 'classifier:CBLOFClassifier:use_weights': 'False'}",26,Success,0.0,CBLOFClassifier,NoPreprocessing,no_preprocessing,,,,,,0.75,14.0,0.3,12.0,False,,,,,,,,
0.49,0.49,0.5728940422322775,2.1584811210632324,"{'classifier:__choice__': 'CBLOFClassifier', 'data_preprocessor:__choice__': 'NoPreprocessing', 'feature_preprocessor:__choice__': 'no_preprocessing', 'classifier:CBLOFClassifier:alpha': 0.8500000000000001, 'classifier:CBLOFClassifier:beta': 16, 'classifier:CBLOFClassifier:contamination': 0.4, 'classifier:CBLOFClassifier:n_clusters': 2, 'classifier:CBLOFClassifier:use_weights': 'False'}",26,Success,0.0,CBLOFClassifier,NoPreprocessing,no_preprocessing,,,,,,0.8500000000000001,16.0,0.4,2.0,False,,,,,,,,
0.52,0.52,0.5233476684134579,2.323164463043213,"{'classifier:__choice__': 'CBLOFClassifier', 'data_preprocessor:__choice__': 'NoPreprocessing', 'feature_preprocessor:__choice__': 'no_preprocessing', 'classifier:CBLOFClassifier:alpha': 0.9, 'classifier:CBLOFClassifier:beta': 20, 'classifier:CBLOFClassifier:contamination': 0.25, 'classifier:CBLOFClassifier:n_clusters': 12, 'classifier:CBLOFClassifier:use_weights': 'False'}",21,Success,0.0,CBLOFClassifier,NoPreprocessing,no_preprocessing,,,,,,0.9,20.0,0.25,12.0,False,,,,,,,,
0.5900000000000001,0.5900000000000001,0.6249562855445208,2.2471706867218018,"{'classifier:__choice__': 'CBLOFClassifier', 'data_preprocessor:__choice__': 'NoPreprocessing', 'feature_preprocessor:__choice__': 'no_preprocessing', 'classifier:CBLOFClassifier:alpha': 0.8, 'classifier:CBLOFClassifier:beta': 16, 'classifier:CBLOFClassifier:contamination': 0.5, 'classifier:CBLOFClassifier:n_clusters': 6, 'classifier:CBLOFClassifier:use_weights': 'False'}",10,Success,0.0,CBLOFClassifier,NoPreprocessing,no_preprocessing,,,,,,0.8,16.0,0.5,6.0,False,,,,,,,,
0.52,0.52,0.5233476684134579,2.3307671546936035,"{'classifier:__choice__': 'CBLOFClassifier', 'data_preprocessor:__choice__': 'NoPreprocessing', 'feature_preprocessor:__choice__': 'no_preprocessing', 'classifier:CBLOFClassifier:alpha': 0.8500000000000001, 'classifier:CBLOFClassifier:beta': 20, 'classifier:CBLOFClassifier:contamination': 0.05, 'classifier:CBLOFClassifier:n_clusters': 12, 'classifier:CBLOFClassifier:use_weights': 'False'}",21,Success,0.0,CBLOFClassifier,NoPreprocessing,no_preprocessing,,,,,,0.8500000000000001,20.0,0.05,12.0,False,,,,,,,,
0.78,0.78,0.8169096099978452,1.3671443462371826,"{'classifier:__choice__': 'LOFClassifier', 'data_preprocessor:__choice__': 'NoPreprocessing', 'feature_preprocessor:__choice__': 'no_preprocessing', 'classifier:LOFClassifier:contamination': 0.15000000000000002, 'classifier:LOFClassifier:n_neighbors': 136, 'classifier:LOFClassifier:p': 2}",21,Success,0.0,LOFClassifier,NoPreprocessing,no_preprocessing,,,,,,,,,,,0.15000000000000002,136.0,2.0,,,,,
0.7,0.7,0.7660364145658263,1.2504644393920898,"{'classifier:__choice__': 'LOFClassifier', 'data_preprocessor:__choice__': 'NoPreprocessing', 'feature_preprocessor:__choice__': 'no_preprocessing', 'classifier:LOFClassifier:contamination': 0.5, 'classifier:LOFClassifier:n_neighbors': 77, 'classifier:LOFClassifier:p': 2}",46,Success,0.0,LOFClassifier,NoPreprocessing,no_preprocessing,,,,,,,,,,,0.5,77.0,2.0,,,,,
0.58,0.58,0.6945588235294117,1.308976650238037,"{'classifier:__choice__': 'LOFClassifier', 'data_preprocessor:__choice__': 'NoPreprocessing', 'feature_preprocessor:__choice__': 'no_preprocessing', 'classifier:LOFClassifier:contamination': 0.3, 'classifier:LOFClassifier:n_neighbors': 19, 'classifier:LOFClassifier:p': 2}",73,Success,0.0,LOFClassifier,NoPreprocessing,no_preprocessing,,,,,,,,,,,0.3,19.0,2.0,,,,,
0.64,0.64,0.7211189739053515,1.226740837097168,"{'classifier:__choice__': 'LOFClassifier', 'data_preprocessor:__choice__': 'NoPreprocessing', 'feature_preprocessor:__choice__': 'no_preprocessing', 'classifier:LOFClassifier:contamination': 0.4, 'classifier:LOFClassifier:n_neighbors': 47, 'classifier:LOFClassifier:p': 2}",59,Success,0.0,LOFClassifier,NoPreprocessing,no_preprocessing,,,,,,,,,,,0.4,47.0,2.0,,,,,
0.8,0.8,0.8405860805860805,2.1439926624298096,"{'classifier:__choice__': 'LOFClassifier', 'data_preprocessor:__choice__': 'NoPreprocessing', 'feature_preprocessor:__choice__': 'no_preprocessing', 'classifier:LOFClassifier:contamination': 0.25, 'classifier:LOFClassifier:n_neighbors': 165, 'classifier:LOFClassifier:p': 2}",3,Success,0.0,LOFClassifier,NoPreprocessing,no_preprocessing,,,,,,,,,,,0.25,165.0,2.0,,,,,
0.5900000000000001,0.5900000000000001,0.6974999999999999,1.4988393783569336,"{'classifier:__choice__': 'LOFClassifier', 'data_preprocessor:__choice__': 'NoPreprocessing', 'feature_preprocessor:__choice__': 'no_preprocessing', 'classifier:LOFClassifier:contamination': 0.1, 'classifier:LOFClassifier:n_neighbors': 20, 'classifier:LOFClassifier:p': 2}",72,Success,0.0,LOFClassifier,NoPreprocessing,no_preprocessing,,,,,,,,,,,0.1,20.0,2.0,,,,,
0.6,0.6,0.6910183770477888,1.2623162269592285,"{'classifier:__choice__': 'LOFClassifier', 'data_preprocessor:__choice__': 'NoPreprocessing', 'feature_preprocessor:__choice__': 'no_preprocessing', 'classifier:LOFClassifier:contamination': 0.5, 'classifier:LOFClassifier:n_neighbors': 17, 'classifier:LOFClassifier:p': 2}",66,Success,0.0,LOFClassifier,NoPreprocessing,no_preprocessing,,,,,,,,,,,0.5,17.0,2.0,,,,,
0.73,0.73,0.7850595238095237,1.3862919807434082,"{'classifier:__choice__': 'LOFClassifier', 'data_preprocessor:__choice__': 'NoPreprocessing', 'feature_preprocessor:__choice__': 'no_preprocessing', 'classifier:LOFClassifier:contamination': 0.5, 'classifier:LOFClassifier:n_neighbors': 91, 'classifier:LOFClassifier:p': 2}",40,Success,0.0,LOFClassifier,NoPreprocessing,no_preprocessing,,,,,,,,,,,0.5,91.0,2.0,,,,,
0.75,0.75,0.7990417833800186,1.3549079895019531,"{'classifier:__choice__': 'LOFClassifier', 'data_preprocessor:__choice__': 'NoPreprocessing', 'feature_preprocessor:__choice__': 'no_preprocessing', 'classifier:LOFClassifier:contamination': 0.05, 'classifier:LOFClassifier:n_neighbors': 113, 'classifier:LOFClassifier:p': 2}",32,Success,0.0,LOFClassifier,NoPreprocessing,no_preprocessing,,,,,,,,,,,0.05,113.0,2.0,,,,,
0.6,0.6,0.7168207282913165,1.1903975009918213,"{'classifier:__choice__': 'LOFClassifier', 'data_preprocessor:__choice__': 'NoPreprocessing', 'feature_preprocessor:__choice__': 'no_preprocessing', 'classifier:LOFClassifier:contamination': 0.15000000000000002, 'classifier:LOFClassifier:n_neighbors': 29, 'classifier:LOFClassifier:p': 2}",66,Success,0.0,LOFClassifier,NoPreprocessing,no_preprocessing,,,,,,,,,,,0.15000000000000002,29.0,2.0,,,,,
0.7,0.7,0.7660364145658263,1.34321928024292,"{'classifier:__choice__': 'LOFClassifier', 'data_preprocessor:__choice__': 'NoPreprocessing', 'feature_preprocessor:__choice__': 'no_preprocessing', 'classifier:LOFClassifier:contamination': 0.2, 'classifier:LOFClassifier:n_neighbors': 75, 'classifier:LOFClassifier:p': 2}",46,Success,0.0,LOFClassifier,NoPreprocessing,no_preprocessing,,,,,,,,,,,0.2,75.0,2.0,,,,,
0.6,0.6,0.6910183770477888,1.268035650253296,"{'classifier:__choice__': 'LOFClassifier', 'data_preprocessor:__choice__': 'NoPreprocessing', 'feature_preprocessor:__choice__': 'no_preprocessing', 'classifier:LOFClassifier:contamination': 0.2, 'classifier:LOFClassifier:n_neighbors': 17, 'classifier:LOFClassifier:p': 2}",66,Success,0.0,LOFClassifier,NoPreprocessing,no_preprocessing,,,,,,,,,,,0.2,17.0,2.0,,,,,
0.76,0.76,0.8087640056022408,1.4684584140777588,"{'classifier:__choice__': 'LOFClassifier', 'data_preprocessor:__choice__': 'NoPreprocessing', 'feature_preprocessor:__choice__': 'no_preprocessing', 'classifier:LOFClassifier:contamination': 0.25, 'classifier:LOFClassifier:n_neighbors': 117, 'classifier:LOFClassifier:p': 2}",29,Success,0.0,LOFClassifier,NoPreprocessing,no_preprocessing,,,,,,,,,,,0.25,117.0,2.0,,,,,
0.74,0.74,0.7957738095238094,1.5791075229644775,"{'classifier:__choice__': 'LOFClassifier', 'data_preprocessor:__choice__': 'NoPreprocessing', 'feature_preprocessor:__choice__': 'no_preprocessing', 'classifier:LOFClassifier:contamination': 0.5, 'classifier:LOFClassifier:n_neighbors': 103, 'classifier:LOFClassifier:p': 2}",37,Success,0.0,LOFClassifier,NoPreprocessing,no_preprocessing,,,,,,,,,,,0.5,103.0,2.0,,,,,
0.75,0.75,0.7990417833800186,1.2676327228546143,"{'classifier:__choice__': 'LOFClassifier', 'data_preprocessor:__choice__': 'NoPreprocessing', 'feature_preprocessor:__choice__': 'no_preprocessing', 'classifier:LOFClassifier:contamination': 0.4, 'classifier:LOFClassifier:n_neighbors': 109, 'classifier:LOFClassifier:p': 2}",32,Success,0.0,LOFClassifier,NoPreprocessing,no_preprocessing,,,,,,,,,,,0.4,109.0,2.0,,,,,
0.63,0.63,0.7314220042083819,1.5036580562591553,"{'classifier:__choice__': 'LOFClassifier', 'data_preprocessor:__choice__': 'NoPreprocessing', 'feature_preprocessor:__choice__': 'no_preprocessing', 'classifier:LOFClassifier:contamination': 0.05, 'classifier:LOFClassifier:n_neighbors': 33, 'classifier:LOFClassifier:p': 2}",61,Success,0.0,LOFClassifier,NoPreprocessing,no_preprocessing,,,,,,,,,,,0.05,33.0,2.0,,,,,
0.77,0.77,0.8131596099978452,1.3296723365783691,"{'classifier:__choice__': 'LOFClassifier', 'data_preprocessor:__choice__': 'NoPreprocessing', 'feature_preprocessor:__choice__': 'no_preprocessing', 'classifier:LOFClassifier:contamination': 0.45, 'classifier:LOFClassifier:n_neighbors': 130, 'classifier:LOFClassifier:p': 2}",23,Success,0.0,LOFClassifier,NoPreprocessing,no_preprocessing,,,,,,,,,,,0.45,130.0,2.0,,,,,
0.72,0.72,0.7817507002801121,1.5901873111724854,"{'classifier:__choice__': 'LOFClassifier', 'data_preprocessor:__choice__': 'NoPreprocessing', 'feature_preprocessor:__choice__': 'no_preprocessing', 'classifier:LOFClassifier:contamination': 0.5, 'classifier:LOFClassifier:n_neighbors': 84, 'classifier:LOFClassifier:p': 2}",43,Success,0.0,LOFClassifier,NoPreprocessing,no_preprocessing,,,,,,,,,,,0.5,84.0,2.0,,,,,
0.69,0.69,0.7631124379576391,1.2339656352996826,"{'classifier:__choice__': 'LOFClassifier', 'data_preprocessor:__choice__': 'NoPreprocessing', 'feature_preprocessor:__choice__': 'no_preprocessing', 'classifier:LOFClassifier:contamination': 0.5, 'classifier:LOFClassifier:n_neighbors': 67, 'classifier:LOFClassifier:p': 2}",49,Success,0.0,LOFClassifier,NoPreprocessing,no_preprocessing,,,,,,,,,,,0.5,67.0,2.0,,,,,
0.75,0.75,0.7990417833800186,1.6453332901000977,"{'classifier:__choice__': 'LOFClassifier', 'data_preprocessor:__choice__': 'NoPreprocessing', 'feature_preprocessor:__choice__': 'no_preprocessing', 'classifier:LOFClassifier:contamination': 0.25, 'classifier:LOFClassifier:n_neighbors': 113, 'classifier:LOFClassifier:p': 2}",32,Success,0.0,LOFClassifier,NoPreprocessing,no_preprocessing,,,,,,,,,,,0.25,113.0,2.0,,,,,
0.8,0.8,0.8405860805860805,1.39747953414917,"{'classifier:__choice__': 'LOFClassifier', 'data_preprocessor:__choice__': 'NoPreprocessing', 'feature_preprocessor:__choice__': 'no_preprocessing', 'classifier:LOFClassifier:contamination': 0.35000000000000003, 'classifier:LOFClassifier:n_neighbors': 173, 'classifier:LOFClassifier:p': 2}",3,Success,0.0,LOFClassifier,NoPreprocessing,no_preprocessing,,,,,,,,,,,0.35000000000000003,173.0,2.0,,,,,
0.8,0.8,0.8405860805860805,1.5692055225372314,"{'classifier:__choice__': 'LOFClassifier', 'data_preprocessor:__choice__': 'NoPreprocessing', 'feature_preprocessor:__choice__': 'no_preprocessing', 'classifier:LOFClassifier:contamination': 0.2, 'classifier:LOFClassifier:n_neighbors': 179, 'classifier:LOFClassifier:p': 2}",3,Success,0.0,LOFClassifier,NoPreprocessing,no_preprocessing,,,,,,,,,,,0.2,179.0,2.0,,,,,
0.8,0.8,0.8405860805860805,1.3344409465789795,"{'classifier:__choice__': 'LOFClassifier', 'data_preprocessor:__choice__': 'NoPreprocessing', 'feature_preprocessor:__choice__': 'no_preprocessing', 'classifier:LOFClassifier:contamination': 0.35000000000000003, 'classifier:LOFClassifier:n_neighbors': 181, 'classifier:LOFClassifier:p': 2}",3,Success,0.0,LOFClassifier,NoPreprocessing,no_preprocessing,,,,,,,,,,,0.35000000000000003,181.0,2.0,,,,,
0.77,0.77,0.8131596099978452,1.5017225742340088,"{'classifier:__choice__': 'LOFClassifier', 'data_preprocessor:__choice__': 'NoPreprocessing', 'feature_preprocessor:__choice__': 'no_preprocessing', 'classifier:LOFClassifier:contamination': 0.25, 'classifier:LOFClassifier:n_neighbors': 127, 'classifier:LOFClassifier:p': 2}",23,Success,0.0,LOFClassifier,NoPreprocessing,no_preprocessing,,,,,,,,,,,0.25,127.0,2.0,,,,,
0.61,0.61,0.706798245614035,1.1736865043640137,"{'classifier:__choice__': 'LOFClassifier', 'data_preprocessor:__choice__': 'NoPreprocessing', 'feature_preprocessor:__choice__': 'no_preprocessing', 'classifier:LOFClassifier:contamination': 0.5, 'classifier:LOFClassifier:n_neighbors': 18, 'classifier:LOFClassifier:p': 2}",64,Success,0.0,LOFClassifier,NoPreprocessing,no_preprocessing,,,,,,,,,,,0.5,18.0,2.0,,,,,
0.67,0.67,0.7568379281537175,1.4001004695892334,"{'classifier:__choice__': 'LOFClassifier', 'data_preprocessor:__choice__': 'NoPreprocessing', 'feature_preprocessor:__choice__': 'no_preprocessing', 'classifier:LOFClassifier:contamination': 0.35000000000000003, 'classifier:LOFClassifier:n_neighbors': 61, 'classifier:LOFClassifier:p': 2}",52,Success,0.0,LOFClassifier,NoPreprocessing,no_preprocessing,,,,,,,,,,,0.35000000000000003,61.0,2.0,,,,,
0.6599999999999999,0.6599999999999999,0.7538967516831293,1.214524507522583,"{'classifier:__choice__': 'LOFClassifier', 'data_preprocessor:__choice__': 'NoPreprocessing', 'feature_preprocessor:__choice__': 'no_preprocessing', 'classifier:LOFClassifier:contamination': 0.35000000000000003, 'classifier:LOFClassifier:n_neighbors': 53, 'classifier:LOFClassifier:p': 2}",54,Success,0.0,LOFClassifier,NoPreprocessing,no_preprocessing,,,,,,,,,,,0.35000000000000003,53.0,2.0,,,,,
0.77,0.77,0.8131596099978452,1.514622449874878,"{'classifier:__choice__': 'LOFClassifier', 'data_preprocessor:__choice__': 'NoPreprocessing', 'feature_preprocessor:__choice__': 'no_preprocessing', 'classifier:LOFClassifier:contamination': 0.2, 'classifier:LOFClassifier:n_neighbors': 129, 'classifier:LOFClassifier:p': 2}",23,Success,0.0,LOFClassifier,NoPreprocessing,no_preprocessing,,,,,,,,,,,0.2,129.0,2.0,,,,,
0.74,0.74,0.7957738095238094,1.2750978469848633,"{'classifier:__choice__': 'LOFClassifier', 'data_preprocessor:__choice__': 'NoPreprocessing', 'feature_preprocessor:__choice__': 'no_preprocessing', 'classifier:LOFClassifier:contamination': 0.4, 'classifier:LOFClassifier:n_neighbors': 105, 'classifier:LOFClassifier:p': 2}",37,Success,0.0,LOFClassifier,NoPreprocessing,no_preprocessing,,,,,,,,,,,0.4,105.0,2.0,,,,,
0.8,0.8,0.8405860805860805,1.6962449550628662,"{'classifier:__choice__': 'LOFClassifier', 'data_preprocessor:__choice__': 'NoPreprocessing', 'feature_preprocessor:__choice__': 'no_preprocessing', 'classifier:LOFClassifier:contamination': 0.5, 'classifier:LOFClassifier:n_neighbors': 181, 'classifier:LOFClassifier:p': 2}",3,Success,0.0,LOFClassifier,NoPreprocessing,no_preprocessing,,,,,,,,,,,0.5,181.0,2.0,,,,,
0.64,0.64,0.7211189739053515,1.2207844257354736,"{'classifier:__choice__': 'LOFClassifier', 'data_preprocessor:__choice__': 'NoPreprocessing', 'feature_preprocessor:__choice__': 'no_preprocessing', 'classifier:LOFClassifier:contamination': 0.05, 'classifier:LOFClassifier:n_neighbors': 47, 'classifier:LOFClassifier:p': 2}",59,Success,0.0,LOFClassifier,NoPreprocessing,no_preprocessing,,,,,,,,,,,0.05,47.0,2.0,,,,,
0.8,0.8,0.8405860805860805,1.3508992195129395,"{'classifier:__choice__': 'LOFClassifier', 'data_preprocessor:__choice__': 'NoPreprocessing', 'feature_preprocessor:__choice__': 'no_preprocessing', 'classifier:LOFClassifier:contamination': 0.3, 'classifier:LOFClassifier:n_neighbors': 176, 'classifier:LOFClassifier:p': 2}",3,Success,0.0,LOFClassifier,NoPreprocessing,no_preprocessing,,,,,,,,,,,0.3,176.0,2.0,,,,,
0.8,0.8,0.8405860805860805,1.6866822242736816,"{'classifier:__choice__': 'LOFClassifier', 'data_preprocessor:__choice__': 'NoPreprocessing', 'feature_preprocessor:__choice__': 'no_preprocessing', 'classifier:LOFClassifier:contamination': 0.25, 'classifier:LOFClassifier:n_neighbors': 175, 'classifier:LOFClassifier:p': 2}",3,Success,0.0,LOFClassifier,NoPreprocessing,no_preprocessing,,,,,,,,,,,0.25,175.0,2.0,,,,,
0.81,0.81,0.8572527472527472,1.3550734519958496,"{'classifier:__choice__': 'LOFClassifier', 'data_preprocessor:__choice__': 'NoPreprocessing', 'feature_preprocessor:__choice__': 'no_preprocessing', 'classifier:LOFClassifier:contamination': 0.25, 'classifier:LOFClassifier:n_neighbors': 193, 'classifier:LOFClassifier:p': 2}",1,Success,0.0,LOFClassifier,NoPreprocessing,no_preprocessing,,,,,,,,,,,0.25,193.0,2.0,,,,,
0.74,0.74,0.7957738095238094,1.611271619796753,"{'classifier:__choice__': 'LOFClassifier', 'data_preprocessor:__choice__': 'NoPreprocessing', 'feature_preprocessor:__choice__': 'no_preprocessing', 'classifier:LOFClassifier:contamination': 0.4, 'classifier:LOFClassifier:n_neighbors': 103, 'classifier:LOFClassifier:p': 2}",37,Success,0.0,LOFClassifier,NoPreprocessing,no_preprocessing,,,,,,,,,,,0.4,103.0,2.0,,,,,
0.78,0.78,0.8169096099978452,1.3114991188049316,"{'classifier:__choice__': 'LOFClassifier', 'data_preprocessor:__choice__': 'NoPreprocessing', 'feature_preprocessor:__choice__': 'no_preprocessing', 'classifier:LOFClassifier:contamination': 0.2, 'classifier:LOFClassifier:n_neighbors': 136, 'classifier:LOFClassifier:p': 2}",21,Success,0.0,LOFClassifier,NoPreprocessing,no_preprocessing,,,,,,,,,,,0.2,136.0,2.0,,,,,
0.81,0.81,0.8572527472527472,1.6988370418548584,"{'classifier:__choice__': 'LOFClassifier', 'data_preprocessor:__choice__': 'NoPreprocessing', 'feature_preprocessor:__choice__': 'no_preprocessing', 'classifier:LOFClassifier:contamination': 0.3, 'classifier:LOFClassifier:n_neighbors': 196, 'classifier:LOFClassifier:p': 2}",1,Success,0.0,LOFClassifier,NoPreprocessing,no_preprocessing,,,,,,,,,,,0.3,196.0,2.0,,,,,
0.8,0.8,0.8405860805860805,1.5472710132598877,"{'classifier:__choice__': 'LOFClassifier', 'data_preprocessor:__choice__': 'NoPreprocessing', 'feature_preprocessor:__choice__': 'no_preprocessing', 'classifier:LOFClassifier:contamination': 0.35000000000000003, 'classifier:LOFClassifier:n_neighbors': 163, 'classifier:LOFClassifier:p': 2}",3,Success,0.0,LOFClassifier,NoPreprocessing,no_preprocessing,,,,,,,,,,,0.35000000000000003,163.0,2.0,,,,,
0.6499999999999999,0.6499999999999999,0.7288967516831293,1.2181079387664795,"{'classifier:__choice__': 'LOFClassifier', 'data_preprocessor:__choice__': 'NoPreprocessing', 'feature_preprocessor:__choice__': 'no_preprocessing', 'classifier:LOFClassifier:contamination': 0.05, 'classifier:LOFClassifier:n_neighbors': 40, 'classifier:LOFClassifier:p': 2}",57,Success,0.0,LOFClassifier,NoPreprocessing,no_preprocessing,,,,,,,,,,,0.05,40.0,2.0,,,,,
0.8,0.8,0.8405860805860805,1.711609125137329,"{'classifier:__choice__': 'LOFClassifier', 'data_preprocessor:__choice__': 'NoPreprocessing', 'feature_preprocessor:__choice__': 'no_preprocessing', 'classifier:LOFClassifier:contamination': 0.2, 'classifier:LOFClassifier:n_neighbors': 149, 'classifier:LOFClassifier:p': 2}",3,Success,0.0,LOFClassifier,NoPreprocessing,no_preprocessing,,,,,,,,,,,0.2,149.0,2.0,,,,,
0.8,0.8,0.8405860805860805,1.3566970825195312,"{'classifier:__choice__': 'LOFClassifier', 'data_preprocessor:__choice__': 'NoPreprocessing', 'feature_preprocessor:__choice__': 'no_preprocessing', 'classifier:LOFClassifier:contamination': 0.2, 'classifier:LOFClassifier:n_neighbors': 166, 'classifier:LOFClassifier:p': 2}",3,Success,0.0,LOFClassifier,NoPreprocessing,no_preprocessing,,,,,,,,,,,0.2,166.0,2.0,,,,,
0.8,0.8,0.8405860805860805,1.6087360382080078,"{'classifier:__choice__': 'LOFClassifier', 'data_preprocessor:__choice__': 'NoPreprocessing', 'feature_preprocessor:__choice__': 'no_preprocessing', 'classifier:LOFClassifier:contamination': 0.05, 'classifier:LOFClassifier:n_neighbors': 160, 'classifier:LOFClassifier:p': 2}",3,Success,0.0,LOFClassifier,NoPreprocessing,no_preprocessing,,,,,,,,,,,0.05,160.0,2.0,,,,,
0.6,0.6,0.6910183770477888,1.1890077590942383,"{'classifier:__choice__': 'LOFClassifier', 'data_preprocessor:__choice__': 'NoPreprocessing', 'feature_preprocessor:__choice__': 'no_preprocessing', 'classifier:LOFClassifier:contamination': 0.2, 'classifier:LOFClassifier:n_neighbors': 16, 'classifier:LOFClassifier:p': 2}",66,Success,0.0,LOFClassifier,NoPreprocessing,no_preprocessing,,,,,,,,,,,0.2,16.0,2.0,,,,,
0.77,0.77,0.8131596099978452,1.3585600852966309,"{'classifier:__choice__': 'LOFClassifier', 'data_preprocessor:__choice__': 'NoPreprocessing', 'feature_preprocessor:__choice__': 'no_preprocessing', 'classifier:LOFClassifier:contamination': 0.35000000000000003, 'classifier:LOFClassifier:n_neighbors': 130, 'classifier:LOFClassifier:p': 2}",23,Success,0.0,LOFClassifier,NoPreprocessing,no_preprocessing,,,,,,,,,,,0.35000000000000003,130.0,2.0,,,,,
0.58,0.58,0.6929174093879975,1.485266923904419,"{'classifier:__choice__': 'LOFClassifier', 'data_preprocessor:__choice__': 'NoPreprocessing', 'feature_preprocessor:__choice__': 'no_preprocessing', 'classifier:LOFClassifier:contamination': 0.2, 'classifier:LOFClassifier:n_neighbors': 24, 'classifier:LOFClassifier:p': 2}",73,Success,0.0,LOFClassifier,NoPreprocessing,no_preprocessing,,,,,,,,,,,0.2,24.0,2.0,,,,,
0.69,0.69,0.7631124379576391,1.3929142951965332,"{'classifier:__choice__': 'LOFClassifier', 'data_preprocessor:__choice__': 'NoPreprocessing', 'feature_preprocessor:__choice__': 'no_preprocessing', 'classifier:LOFClassifier:contamination': 0.4, 'classifier:LOFClassifier:n_neighbors': 73, 'classifier:LOFClassifier:p': 2}",49,Success,0.0,LOFClassifier,NoPreprocessing,no_preprocessing,,,,,,,,,,,0.4,73.0,2.0,,,,,
0.6,0.6,0.7131951871657753,1.311265468597412,"{'classifier:__choice__': 'LOFClassifier', 'data_preprocessor:__choice__': 'NoPreprocessing', 'feature_preprocessor:__choice__': 'no_preprocessing', 'classifier:LOFClassifier:contamination': 0.1, 'classifier:LOFClassifier:n_neighbors': 28, 'classifier:LOFClassifier:p': 2}",66,Success,0.0,LOFClassifier,NoPreprocessing,no_preprocessing,,,,,,,,,,,0.1,28.0,2.0,,,,,
0.65,0.65,0.7461189739053515,1.3236346244812012,"{'classifier:__choice__': 'LOFClassifier', 'data_preprocessor:__choice__': 'NoPreprocessing', 'feature_preprocessor:__choice__': 'no_preprocessing', 'classifier:LOFClassifier:contamination': 0.25, 'classifier:LOFClassifier:n_neighbors': 34, 'classifier:LOFClassifier:p': 2}",56,Success,0.0,LOFClassifier,NoPreprocessing,no_preprocessing,,,,,,,,,,,0.25,34.0,2.0,,,,,
0.67,0.67,0.7568379281537175,1.5906591415405273,"{'classifier:__choice__': 'LOFClassifier', 'data_preprocessor:__choice__': 'NoPreprocessing', 'feature_preprocessor:__choice__': 'no_preprocessing', 'classifier:LOFClassifier:contamination': 0.05, 'classifier:LOFClassifier:n_neighbors': 57, 'classifier:LOFClassifier:p': 2}",52,Success,0.0,LOFClassifier,NoPreprocessing,no_preprocessing,,,,,,,,,,,0.05,57.0,2.0,,,,,
0.62,0.62,0.7006918030370042,1.175907850265503,"{'classifier:__choice__': 'LOFClassifier', 'data_preprocessor:__choice__': 'NoPreprocessing', 'feature_preprocessor:__choice__': 'no_preprocessing', 'classifier:LOFClassifier:contamination': 0.5, 'classifier:LOFClassifier:n_neighbors': 13, 'classifier:LOFClassifier:p': 2}",63,Success,0.0,LOFClassifier,NoPreprocessing,no_preprocessing,,,,,,,,,,,0.5,13.0,2.0,,,,,
0.6,0.6,0.7168207282913165,1.5159904956817627,"{'classifier:__choice__': 'LOFClassifier', 'data_preprocessor:__choice__': 'NoPreprocessing', 'feature_preprocessor:__choice__': 'no_preprocessing', 'classifier:LOFClassifier:contamination': 0.05, 'classifier:LOFClassifier:n_neighbors': 29, 'classifier:LOFClassifier:p': 2}",66,Success,0.0,LOFClassifier,NoPreprocessing,no_preprocessing,,,,,,,,,,,0.05,29.0,2.0,,,,,
0.6599999999999999,0.6599999999999999,0.7538967516831293,1.2236487865447998,"{'classifier:__choice__': 'LOFClassifier', 'data_preprocessor:__choice__': 'NoPreprocessing', 'feature_preprocessor:__choice__': 'no_preprocessing', 'classifier:LOFClassifier:contamination': 0.45, 'classifier:LOFClassifier:n_neighbors': 52, 'classifier:LOFClassifier:p': 2}",54,Success,0.0,LOFClassifier,NoPreprocessing,no_preprocessing,,,,,,,,,,,0.45,52.0,2.0,,,,,
0.72,0.72,0.7817507002801121,1.5376543998718262,"{'classifier:__choice__': 'LOFClassifier', 'data_preprocessor:__choice__': 'NoPreprocessing', 'feature_preprocessor:__choice__': 'no_preprocessing', 'classifier:LOFClassifier:contamination': 0.2, 'classifier:LOFClassifier:n_neighbors': 84, 'classifier:LOFClassifier:p': 2}",43,Success,0.0,LOFClassifier,NoPreprocessing,no_preprocessing,,,,,,,,,,,0.2,84.0,2.0,,,,,
0.76,0.76,0.8087640056022408,1.6121995449066162,"{'classifier:__choice__': 'LOFClassifier', 'data_preprocessor:__choice__': 'NoPreprocessing', 'feature_preprocessor:__choice__': 'no_preprocessing', 'classifier:LOFClassifier:contamination': 0.2, 'classifier:LOFClassifier:n_neighbors': 116, 'classifier:LOFClassifier:p': 2}",29,Success,0.0,LOFClassifier,NoPreprocessing,no_preprocessing,,,,,,,,,,,0.2,116.0,2.0,,,,,
0.73,0.73,0.7850595238095237,1.250736951828003,"{'classifier:__choice__': 'LOFClassifier', 'data_preprocessor:__choice__': 'NoPreprocessing', 'feature_preprocessor:__choice__': 'no_preprocessing', 'classifier:LOFClassifier:contamination': 0.3, 'classifier:LOFClassifier:n_neighbors': 94, 'classifier:LOFClassifier:p': 2}",40,Success,0.0,LOFClassifier,NoPreprocessing,no_preprocessing,,,,,,,,,,,0.3,94.0,2.0,,,,,
0.8,0.8,0.8405860805860805,1.7832965850830078,"{'classifier:__choice__': 'LOFClassifier', 'data_preprocessor:__choice__': 'NoPreprocessing', 'feature_preprocessor:__choice__': 'no_preprocessing', 'classifier:LOFClassifier:contamination': 0.45, 'classifier:LOFClassifier:n_neighbors': 189, 'classifier:LOFClassifier:p': 2}",3,Success,0.0,LOFClassifier,NoPreprocessing,no_preprocessing,,,,,,,,,,,0.45,189.0,2.0,,,,,
0.8,0.8,0.8405860805860805,1.3421943187713623,"{'classifier:__choice__': 'LOFClassifier', 'data_preprocessor:__choice__': 'NoPreprocessing', 'feature_preprocessor:__choice__': 'no_preprocessing', 'classifier:LOFClassifier:contamination': 0.1, 'classifier:LOFClassifier:n_neighbors': 182, 'classifier:LOFClassifier:p': 2}",3,Success,0.0,LOFClassifier,NoPreprocessing,no_preprocessing,,,,,,,,,,,0.1,182.0,2.0,,,,,
0.76,0.76,0.8087640056022408,1.6374032497406006,"{'classifier:__choice__': 'LOFClassifier', 'data_preprocessor:__choice__': 'NoPreprocessing', 'feature_preprocessor:__choice__': 'no_preprocessing', 'classifier:LOFClassifier:contamination': 0.15000000000000002, 'classifier:LOFClassifier:n_neighbors': 119, 'classifier:LOFClassifier:p': 2}",29,Success,0.0,LOFClassifier,NoPreprocessing,no_preprocessing,,,,,,,,,,,0.15000000000000002,119.0,2.0,,,,,
0.8,0.8,0.8405860805860805,1.506760835647583,"{'classifier:__choice__': 'LOFClassifier', 'data_preprocessor:__choice__': 'NoPreprocessing', 'feature_preprocessor:__choice__': 'no_preprocessing', 'classifier:LOFClassifier:contamination': 0.15000000000000002, 'classifier:LOFClassifier:n_neighbors': 188, 'classifier:LOFClassifier:p': 2}",3,Success,0.0,LOFClassifier,NoPreprocessing,no_preprocessing,,,,,,,,,,,0.15000000000000002,188.0,2.0,,,,,
0.6499999999999999,0.6499999999999999,0.7288967516831293,1.2229745388031006,"{'classifier:__choice__': 'LOFClassifier', 'data_preprocessor:__choice__': 'NoPreprocessing', 'feature_preprocessor:__choice__': 'no_preprocessing', 'classifier:LOFClassifier:contamination': 0.5, 'classifier:LOFClassifier:n_neighbors': 39, 'classifier:LOFClassifier:p': 2}",57,Success,0.0,LOFClassifier,NoPreprocessing,no_preprocessing,,,,,,,,,,,0.5,39.0,2.0,,,,,
0.7,0.7,0.7660364145658263,1.5535566806793213,"{'classifier:__choice__': 'LOFClassifier', 'data_preprocessor:__choice__': 'NoPreprocessing', 'feature_preprocessor:__choice__': 'no_preprocessing', 'classifier:LOFClassifier:contamination': 0.05, 'classifier:LOFClassifier:n_neighbors': 76, 'classifier:LOFClassifier:p': 2}",46,Success,0.0,LOFClassifier,NoPreprocessing,no_preprocessing,,,,,,,,,,,0.05,76.0,2.0,,,,,
0.75,0.75,0.7900557775557775,1.285799503326416,"{'classifier:__choice__': 'LOFClassifier', 'data_preprocessor:__choice__': 'NoPreprocessing', 'feature_preprocessor:__choice__': 'no_preprocessing', 'classifier:LOFClassifier:contamination': 0.35000000000000003, 'classifier:LOFClassifier:n_neighbors': 8, 'classifier:LOFClassifier:p': 2}",32,Success,0.0,LOFClassifier,NoPreprocessing,no_preprocessing,,,,,,,,,,,0.35000000000000003,8.0,2.0,,,,,
0.73,0.73,0.7850595238095237,1.3152260780334473,"{'classifier:__choice__': 'LOFClassifier', 'data_preprocessor:__choice__': 'NoPreprocessing', 'feature_preprocessor:__choice__': 'no_preprocessing', 'classifier:LOFClassifier:contamination': 0.3, 'classifier:LOFClassifier:n_neighbors': 95, 'classifier:LOFClassifier:p': 2}",40,Success,0.0,LOFClassifier,NoPreprocessing,no_preprocessing,,,,,,,,,,,0.3,95.0,2.0,,,,,
0.8,0.8,0.8405860805860805,1.4899640083312988,"{'classifier:__choice__': 'LOFClassifier', 'data_preprocessor:__choice__': 'NoPreprocessing', 'feature_preprocessor:__choice__': 'no_preprocessing', 'classifier:LOFClassifier:contamination': 0.5, 'classifier:LOFClassifier:n_neighbors': 158, 'classifier:LOFClassifier:p': 2}",3,Success,0.0,LOFClassifier,NoPreprocessing,no_preprocessing,,,,,,,,,,,0.5,158.0,2.0,,,,,
0.8,0.8,0.8405860805860805,1.3435795307159424,"{'classifier:__choice__': 'LOFClassifier', 'data_preprocessor:__choice__': 'NoPreprocessing', 'feature_preprocessor:__choice__': 'no_preprocessing', 'classifier:LOFClassifier:contamination': 0.1, 'classifier:LOFClassifier:n_neighbors': 189, 'classifier:LOFClassifier:p': 2}",3,Success,0.0,LOFClassifier,NoPreprocessing,no_preprocessing,,,,,,,,,,,0.1,189.0,2.0,,,,,
0.8,0.8,0.8405860805860805,1.4900290966033936,"{'classifier:__choice__': 'LOFClassifier', 'data_preprocessor:__choice__': 'NoPreprocessing', 'feature_preprocessor:__choice__': 'no_preprocessing', 'classifier:LOFClassifier:contamination': 0.4, 'classifier:LOFClassifier:n_neighbors': 156, 'classifier:LOFClassifier:p': 2}",3,Success,0.0,LOFClassifier,NoPreprocessing,no_preprocessing,,,,,,,,,,,0.4,156.0,2.0,,,,,
0.63,0.63,0.7127856405720182,1.2030434608459473,"{'classifier:__choice__': 'LOFClassifier', 'data_preprocessor:__choice__': 'NoPreprocessing', 'feature_preprocessor:__choice__': 'no_preprocessing', 'classifier:LOFClassifier:contamination': 0.4, 'classifier:LOFClassifier:n_neighbors': 45, 'classifier:LOFClassifier:p': 2}",61,Success,0.0,LOFClassifier,NoPreprocessing,no_preprocessing,,,,,,,,,,,0.4,45.0,2.0,,,,,
0.69,0.69,0.7631124379576391,1.4156739711761475,"{'classifier:__choice__': 'LOFClassifier', 'data_preprocessor:__choice__': 'NoPreprocessing', 'feature_preprocessor:__choice__': 'no_preprocessing', 'classifier:LOFClassifier:contamination': 0.1, 'classifier:LOFClassifier:n_neighbors': 69, 'classifier:LOFClassifier:p': 2}",49,Success,0.0,LOFClassifier,NoPreprocessing,no_preprocessing,,,,,,,,,,,0.1,69.0,2.0,,,,,
0.75,0.75,0.7990417833800186,1.2750577926635742,"{'classifier:__choice__': 'LOFClassifier', 'data_preprocessor:__choice__': 'NoPreprocessing', 'feature_preprocessor:__choice__': 'no_preprocessing', 'classifier:LOFClassifier:contamination': 0.15000000000000002, 'classifier:LOFClassifier:n_neighbors': 112, 'classifier:LOFClassifier:p': 2}",32,Success,0.0,LOFClassifier,NoPreprocessing,no_preprocessing,,,,,,,,,,,0.15000000000000002,112.0,2.0,,,,,
0.77,0.77,0.8131596099978452,1.5962400436401367,"{'classifier:__choice__': 'LOFClassifier', 'data_preprocessor:__choice__': 'NoPreprocessing', 'feature_preprocessor:__choice__': 'no_preprocessing', 'classifier:LOFClassifier:contamination': 0.25, 'classifier:LOFClassifier:n_neighbors': 134, 'classifier:LOFClassifier:p': 2}",23,Success,0.0,LOFClassifier,NoPreprocessing,no_preprocessing,,,,,,,,,,,0.25,134.0,2.0,,,,,
0.77,0.77,0.8131596099978452,1.2819068431854248,"{'classifier:__choice__': 'LOFClassifier', 'data_preprocessor:__choice__': 'NoPreprocessing', 'feature_preprocessor:__choice__': 'no_preprocessing', 'classifier:LOFClassifier:contamination': 0.25, 'classifier:LOFClassifier:n_neighbors': 123, 'classifier:LOFClassifier:p': 2}",23,Success,0.0,LOFClassifier,NoPreprocessing,no_preprocessing,,,,,,,,,,,0.25,123.0,2.0,,,,,
0.8,0.8,0.8405860805860805,1.7760801315307617,"{'classifier:__choice__': 'LOFClassifier', 'data_preprocessor:__choice__': 'NoPreprocessing', 'feature_preprocessor:__choice__': 'no_preprocessing', 'classifier:LOFClassifier:contamination': 0.1, 'classifier:LOFClassifier:n_neighbors': 167, 'classifier:LOFClassifier:p': 2}",3,Success,0.0,LOFClassifier,NoPreprocessing,no_preprocessing,,,,,,,,,,,0.1,167.0,2.0,,,,,
0.61,0.61,0.706798245614035,1.1879565715789795,"{'classifier:__choice__': 'LOFClassifier', 'data_preprocessor:__choice__': 'NoPreprocessing', 'feature_preprocessor:__choice__': 'no_preprocessing', 'classifier:LOFClassifier:contamination': 0.05, 'classifier:LOFClassifier:n_neighbors': 18, 'classifier:LOFClassifier:p': 2}",64,Success,0.0,LOFClassifier,NoPreprocessing,no_preprocessing,,,,,,,,,,,0.05,18.0,2.0,,,,,
0.72,0.72,0.7817507002801121,1.6208839416503906,"{'classifier:__choice__': 'LOFClassifier', 'data_preprocessor:__choice__': 'NoPreprocessing', 'feature_preprocessor:__choice__': 'no_preprocessing', 'classifier:LOFClassifier:contamination': 0.2, 'classifier:LOFClassifier:n_neighbors': 88, 'classifier:LOFClassifier:p': 2}",43,Success,0.0,LOFClassifier,NoPreprocessing,no_preprocessing,,,,,,,,,,,0.2,88.0,2.0,,,,,
0.0,,,1.0051183700561523,"{'classifier:__choice__': 'LOFClassifier', 'data_preprocessor:__choice__': 'NoPreprocessing', 'feature_preprocessor:__choice__': 'no_preprocessing', 'classifier:LOFClassifier:contamination': 0.45, 'classifier:LOFClassifier:n_neighbors': 20, 'classifier:LOFClassifier:p': 2}",75,Timeout,0.0,LOFClassifier,NoPreprocessing,no_preprocessing,,,,,,,,,,,0.45,20.0,2.0,,,,,
0.45999999999999996,0.45999999999999996,0.5117982456140351,2.5973806381225586,"{'classifier:__choice__': 'IForestClassifier', 'data_preprocessor:__choice__': 'NoPreprocessing', 'feature_preprocessor:__choice__': 'no_preprocessing', 'classifier:IForestClassifier:bootstrap': 'False', 'classifier:IForestClassifier:contamination': 0.15000000000000002, 'classifier:IForestClassifier:max_features': 1.0, 'classifier:IForestClassifier:max_samples': 0.75, 'classifier:IForestClassifier:n_estimators': 190}",46,Success,0.0,IForestClassifier,NoPreprocessing,no_preprocessing,,,,,,,,,,,,,,False,0.15000000000000002,1.0,0.75,190.0
0.515,0.515,0.6578829014123132,0.6898281574249268,"{'classifier:__choice__': 'IForestClassifier', 'data_preprocessor:__choice__': 'NoPreprocessing', 'feature_preprocessor:__choice__': 'no_preprocessing', 'classifier:IForestClassifier:bootstrap': 'False', 'classifier:IForestClassifier:contamination': 0.2, 'classifier:IForestClassifier:max_features': 1.0, 'classifier:IForestClassifier:max_samples': 0.65, 'classifier:IForestClassifier:n_estimators': 20}",9,Success,0.0,IForestClassifier,NoPreprocessing,no_preprocessing,,,,,,,,,,,,,,False,0.2,1.0,0.65,20.0
0.44999999999999996,0.44999999999999996,0.552510915297293,1.606745958328247,"{'classifier:__choice__': 'IForestClassifier', 'data_preprocessor:__choice__': 'NoPreprocessing', 'feature_preprocessor:__choice__': 'no_preprocessing', 'classifier:IForestClassifier:bootstrap': 'False', 'classifier:IForestClassifier:contamination': 0.1, 'classifier:IForestClassifier:max_features': 1.0, 'classifier:IForestClassifier:max_samples': 1.0, 'classifier:IForestClassifier:n_estimators': 100}",52,Success,0.0,IForestClassifier,NoPreprocessing,no_preprocessing,,,,,,,,,,,,,,False,0.1,1.0,1.0,100.0
0.48,0.48,0.5197744360902256,1.6455163955688477,"{'classifier:__choice__': 'IForestClassifier', 'data_preprocessor:__choice__': 'NoPreprocessing', 'feature_preprocessor:__choice__': 'no_preprocessing', 'classifier:IForestClassifier:bootstrap': 'False', 'classifier:IForestClassifier:contamination': 0.4, 'classifier:IForestClassifier:max_features': 1.0, 'classifier:IForestClassifier:max_samples': 0.35000000000000003, 'classifier:IForestClassifier:n_estimators': 100}",29,Success,0.0,IForestClassifier,NoPreprocessing,no_preprocessing,,,,,,,,,,,,,,False,0.4,1.0,0.35000000000000003,100.0
0.5449999999999999,0.5449999999999999,0.6950623885918004,0.9782609939575195,"{'classifier:__choice__': 'IForestClassifier', 'data_preprocessor:__choice__': 'NoPreprocessing', 'feature_preprocessor:__choice__': 'no_preprocessing', 'classifier:IForestClassifier:bootstrap': 'False', 'classifier:IForestClassifier:contamination': 0.45, 'classifier:IForestClassifier:max_features': 1.0, 'classifier:IForestClassifier:max_samples': 0.95, 'classifier:IForestClassifier:n_estimators': 20}",3,Success,0.0,IForestClassifier,NoPreprocessing,no_preprocessing,,,,,,,,,,,,,,False,0.45,1.0,0.95,20.0
0.475,0.475,0.6106606791900909,0.7903292179107666,"{'classifier:__choice__': 'IForestClassifier', 'data_preprocessor:__choice__': 'NoPreprocessing', 'feature_preprocessor:__choice__': 'no_preprocessing', 'classifier:IForestClassifier:bootstrap': 'False', 'classifier:IForestClassifier:contamination': 0.5, 'classifier:IForestClassifier:max_features': 1.0, 'classifier:IForestClassifier:max_samples': 0.55, 'classifier:IForestClassifier:n_estimators': 20}",37,Success,0.0,IForestClassifier,NoPreprocessing,no_preprocessing,,,,,,,,,,,,,,False,0.5,1.0,0.55,20.0
0.525,0.525,0.6034967320261437,0.9238409996032715,"{'classifier:__choice__': 'IForestClassifier', 'data_preprocessor:__choice__': 'NoPreprocessing', 'feature_preprocessor:__choice__': 'no_preprocessing', 'classifier:IForestClassifier:bootstrap': 'False', 'classifier:IForestClassifier:contamination': 0.3, 'classifier:IForestClassifier:max_features': 1.0, 'classifier:IForestClassifier:max_samples': 0.35000000000000003, 'classifier:IForestClassifier:n_estimators': 35}",5,Success,0.0,IForestClassifier,NoPreprocessing,no_preprocessing,,,,,,,,,,,,,,False,0.3,1.0,0.35000000000000003,35.0
0.49,0.49,0.5734384569678688,1.3388168811798096,"{'classifier:__choice__': 'IForestClassifier', 'data_preprocessor:__choice__': 'NoPreprocessing', 'feature_preprocessor:__choice__': 'no_preprocessing', 'classifier:IForestClassifier:bootstrap': 'False', 'classifier:IForestClassifier:contamination': 0.2, 'classifier:IForestClassifier:max_features': 1.0, 'classifier:IForestClassifier:max_samples': 0.5, 'classifier:IForestClassifier:n_estimators': 80}",21,Success,0.0,IForestClassifier,NoPreprocessing,no_preprocessing,,,,,,,,,,,,,,False,0.2,1.0,0.5,80.0
0.47,0.47,0.5205144803596816,1.7432193756103516,"{'classifier:__choice__': 'IForestClassifier', 'data_preprocessor:__choice__': 'NoPreprocessing', 'feature_preprocessor:__choice__': 'no_preprocessing', 'classifier:IForestClassifier:bootstrap': 'False', 'classifier:IForestClassifier:contamination': 0.05, 'classifier:IForestClassifier:max_features': 1.0, 'classifier:IForestClassifier:max_samples': 0.55, 'classifier:IForestClassifier:n_estimators': 120}",38,Success,0.0,IForestClassifier,NoPreprocessing,no_preprocessing,,,,,,,,,,,,,,False,0.05,1.0,0.55,120.0
0.49,0.49,0.5773187871639884,2.005091905593872,"{'classifier:__choice__': 'IForestClassifier', 'data_preprocessor:__choice__': 'NoPreprocessing', 'feature_preprocessor:__choice__': 'no_preprocessing', 'classifier:IForestClassifier:bootstrap': 'False', 'classifier:IForestClassifier:contamination': 0.5, 'classifier:IForestClassifier:max_features': 1.0, 'classifier:IForestClassifier:max_samples': 0.6000000000000001, 'classifier:IForestClassifier:n_estimators': 145}",21,Success,0.0,IForestClassifier,NoPreprocessing,no_preprocessing,,,,,,,,,,,,,,False,0.5,1.0,0.6000000000000001,145.0
0.495,0.495,0.6151633986928104,0.9176175594329834,"{'classifier:__choice__': 'IForestClassifier', 'data_preprocessor:__choice__': 'NoPreprocessing', 'feature_preprocessor:__choice__': 'no_preprocessing', 'classifier:IForestClassifier:bootstrap': 'False', 'classifier:IForestClassifier:contamination': 0.3, 'classifier:IForestClassifier:max_features': 1.0, 'classifier:IForestClassifier:max_samples': 0.25, 'classifier:IForestClassifier:n_estimators': 35}",19,Success,0.0,IForestClassifier,NoPreprocessing,no_preprocessing,,,,,,,,,,,,,,False,0.3,1.0,0.25,35.0
0.45999999999999996,0.45999999999999996,0.5077949776401789,2.393458843231201,"{'classifier:__choice__': 'IForestClassifier', 'data_preprocessor:__choice__': 'NoPreprocessing', 'feature_preprocessor:__choice__': 'no_preprocessing', 'classifier:IForestClassifier:bootstrap': 'False', 'classifier:IForestClassifier:contamination': 0.45, 'classifier:IForestClassifier:max_features': 1.0, 'classifier:IForestClassifier:max_samples': 0.7, 'classifier:IForestClassifier:n_estimators': 185}",46,Success,0.0,IForestClassifier,NoPreprocessing,no_preprocessing,,,,,,,,,,,,,,False,0.45,1.0,0.7,185.0
0.4099999999999999,0.4099999999999999,0.5313366750208856,1.2862024307250977,"{'classifier:__choice__': 'IForestClassifier', 'data_preprocessor:__choice__': 'NoPreprocessing', 'feature_preprocessor:__choice__': 'no_preprocessing', 'classifier:IForestClassifier:bootstrap': 'False', 'classifier:IForestClassifier:contamination': 0.25, 'classifier:IForestClassifier:max_features': 1.0, 'classifier:IForestClassifier:max_samples': 0.95, 'classifier:IForestClassifier:n_estimators': 70}",66,Success,0.0,IForestClassifier,NoPreprocessing,no_preprocessing,,,,,,,,,,,,,,False,0.25,1.0,0.95,70.0
0.47,0.47,0.5205144803596816,1.9766249656677246,"{'classifier:__choice__': 'IForestClassifier', 'data_preprocessor:__choice__': 'NoPreprocessing', 'feature_preprocessor:__choice__': 'no_preprocessing', 'classifier:IForestClassifier:bootstrap': 'False', 'classifier:IForestClassifier:contamination': 0.25, 'classifier:IForestClassifier:max_features': 1.0, 'classifier:IForestClassifier:max_samples': 0.65, 'classifier:IForestClassifier:n_estimators': 140}",38,Success,0.0,IForestClassifier,NoPreprocessing,no_preprocessing,,,,,,,,,,,,,,False,0.25,1.0,0.65,140.0
0.51,0.51,0.5813172448466566,2.3077871799468994,"{'classifier:__choice__': 'IForestClassifier', 'data_preprocessor:__choice__': 'NoPreprocessing', 'feature_preprocessor:__choice__': 'no_preprocessing', 'classifier:IForestClassifier:bootstrap': 'False', 'classifier:IForestClassifier:contamination': 0.45, 'classifier:IForestClassifier:max_features': 1.0, 'classifier:IForestClassifier:max_samples': 0.5, 'classifier:IForestClassifier:n_estimators': 180}",10,Success,0.0,IForestClassifier,NoPreprocessing,no_preprocessing,,,,,,,,,,,,,,False,0.45,1.0,0.5,180.0
0.4099999999999999,0.4099999999999999,0.5336659663865546,1.5719058513641357,"{'classifier:__choice__': 'IForestClassifier', 'data_preprocessor:__choice__': 'NoPreprocessing', 'feature_preprocessor:__choice__': 'no_preprocessing', 'classifier:IForestClassifier:bootstrap': 'False', 'classifier:IForestClassifier:contamination': 0.35000000000000003, 'classifier:IForestClassifier:max_features': 1.0, 'classifier:IForestClassifier:max_samples': 0.95, 'classifier:IForestClassifier:n_estimators': 100}",66,Success,0.0,IForestClassifier,NoPreprocessing,no_preprocessing,,,,,,,,,,,,,,False,0.35000000000000003,1.0,0.95,100.0
0.535,0.535,0.6533957219251337,0.7855587005615234,"{'classifier:__choice__': 'IForestClassifier', 'data_preprocessor:__choice__': 'NoPreprocessing', 'feature_preprocessor:__choice__': 'no_preprocessing', 'classifier:IForestClassifier:bootstrap': 'False', 'classifier:IForestClassifier:contamination': 0.35000000000000003, 'classifier:IForestClassifier:max_features': 1.0, 'classifier:IForestClassifier:max_samples': 1.0, 'classifier:IForestClassifier:n_estimators': 20}",4,Success,0.0,IForestClassifier,NoPreprocessing,no_preprocessing,,,,,,,,,,,,,,False,0.35000000000000003,1.0,1.0,20.0
0.49,0.49,0.5244250142702155,1.9274232387542725,"{'classifier:__choice__': 'IForestClassifier', 'data_preprocessor:__choice__': 'NoPreprocessing', 'feature_preprocessor:__choice__': 'no_preprocessing', 'classifier:IForestClassifier:bootstrap': 'False', 'classifier:IForestClassifier:contamination': 0.35000000000000003, 'classifier:IForestClassifier:max_features': 1.0, 'classifier:IForestClassifier:max_samples': 0.45, 'classifier:IForestClassifier:n_estimators': 140}",21,Success,0.0,IForestClassifier,NoPreprocessing,no_preprocessing,,,,,,,,,,,,,,False,0.35000000000000003,1.0,0.45,140.0
0.5,0.5,0.5779839115133233,1.8242502212524414,"{'classifier:__choice__': 'IForestClassifier', 'data_preprocessor:__choice__': 'NoPreprocessing', 'feature_preprocessor:__choice__': 'no_preprocessing', 'classifier:IForestClassifier:bootstrap': 'False', 'classifier:IForestClassifier:contamination': 0.15000000000000002, 'classifier:IForestClassifier:max_features': 1.0, 'classifier:IForestClassifier:max_samples': 0.5, 'classifier:IForestClassifier:n_estimators': 130}",14,Success,0.0,IForestClassifier,NoPreprocessing,no_preprocessing,,,,,,,,,,,,,,False,0.15000000000000002,1.0,0.5,130.0
0.48,0.48,0.5650949489107384,2.4148519039154053,"{'classifier:__choice__': 'IForestClassifier', 'data_preprocessor:__choice__': 'NoPreprocessing', 'feature_preprocessor:__choice__': 'no_preprocessing', 'classifier:IForestClassifier:bootstrap': 'False', 'classifier:IForestClassifier:contamination': 0.4, 'classifier:IForestClassifier:max_features': 1.0, 'classifier:IForestClassifier:max_samples': 0.6000000000000001, 'classifier:IForestClassifier:n_estimators': 190}",29,Success,0.0,IForestClassifier,NoPreprocessing,no_preprocessing,,,,,,,,,,,,,,False,0.4,1.0,0.6000000000000001,190.0
0.48,0.48,0.5779839115133233,1.0604562759399414,"{'classifier:__choice__': 'IForestClassifier', 'data_preprocessor:__choice__': 'NoPreprocessing', 'feature_preprocessor:__choice__': 'no_preprocessing', 'classifier:IForestClassifier:bootstrap': 'False', 'classifier:IForestClassifier:contamination': 0.5, 'classifier:IForestClassifier:max_features': 1.0, 'classifier:IForestClassifier:max_samples': 0.25, 'classifier:IForestClassifier:n_estimators': 50}",29,Success,0.0,IForestClassifier,NoPreprocessing,no_preprocessing,,,,,,,,,,,,,,False,0.5,1.0,0.25,50.0
0.41000000000000003,0.41000000000000003,0.5266791979949874,1.5587782859802246,"{'classifier:__choice__': 'IForestClassifier', 'data_preprocessor:__choice__': 'NoPreprocessing', 'feature_preprocessor:__choice__': 'no_preprocessing', 'classifier:IForestClassifier:bootstrap': 'False', 'classifier:IForestClassifier:contamination': 0.3, 'classifier:IForestClassifier:max_features': 1.0, 'classifier:IForestClassifier:max_samples': 0.9000000000000001, 'classifier:IForestClassifier:n_estimators': 100}",65,Success,0.0,IForestClassifier,NoPreprocessing,no_preprocessing,,,,,,,,,,,,,,False,0.3,1.0,0.9000000000000001,100.0
0.49,0.49,0.5177583476035488,2.456845760345459,"{'classifier:__choice__': 'IForestClassifier', 'data_preprocessor:__choice__': 'NoPreprocessing', 'feature_preprocessor:__choice__': 'no_preprocessing', 'classifier:IForestClassifier:bootstrap': 'False', 'classifier:IForestClassifier:contamination': 0.45, 'classifier:IForestClassifier:max_features': 1.0, 'classifier:IForestClassifier:max_samples': 0.55, 'classifier:IForestClassifier:n_estimators': 195}",21,Success,0.0,IForestClassifier,NoPreprocessing,no_preprocessing,,,,,,,,,,,,,,False,0.45,1.0,0.55,195.0
0.47,0.47,0.5580205415499533,1.260770320892334,"{'classifier:__choice__': 'IForestClassifier', 'data_preprocessor:__choice__': 'NoPreprocessing', 'feature_preprocessor:__choice__': 'no_preprocessing', 'classifier:IForestClassifier:bootstrap': 'False', 'classifier:IForestClassifier:contamination': 0.4, 'classifier:IForestClassifier:max_features': 1.0, 'classifier:IForestClassifier:max_samples': 0.6000000000000001, 'classifier:IForestClassifier:n_estimators': 70}",38,Success,0.0,IForestClassifier,NoPreprocessing,no_preprocessing,,,,,,,,,,,,,,False,0.4,1.0,0.6000000000000001,70.0
0.48,0.48,0.5650949489107384,2.4744207859039307,"{'classifier:__choice__': 'IForestClassifier', 'data_preprocessor:__choice__': 'NoPreprocessing', 'feature_preprocessor:__choice__': 'no_preprocessing', 'classifier:IForestClassifier:bootstrap': 'False', 'classifier:IForestClassifier:contamination': 0.35000000000000003, 'classifier:IForestClassifier:max_features': 1.0, 'classifier:IForestClassifier:max_samples': 0.6000000000000001, 'classifier:IForestClassifier:n_estimators': 195}",29,Success,0.0,IForestClassifier,NoPreprocessing,no_preprocessing,,,,,,,,,,,,,,False,0.35000000000000003,1.0,0.6000000000000001,195.0
0.525,0.525,0.6886672151378034,0.7604751586914062,"{'classifier:__choice__': 'IForestClassifier', 'data_preprocessor:__choice__': 'NoPreprocessing', 'feature_preprocessor:__choice__': 'no_preprocessing', 'classifier:IForestClassifier:bootstrap': 'False', 'classifier:IForestClassifier:contamination': 0.35000000000000003, 'classifier:IForestClassifier:max_features': 1.0, 'classifier:IForestClassifier:max_samples': 0.8500000000000001, 'classifier:IForestClassifier:n_estimators': 15}",5,Success,0.0,IForestClassifier,NoPreprocessing,no_preprocessing,,,,,,,,,,,,,,False,0.35000000000000003,1.0,0.8500000000000001,15.0
0.51,0.51,0.5813172448466566,1.9911363124847412,"{'classifier:__choice__': 'IForestClassifier', 'data_preprocessor:__choice__': 'NoPreprocessing', 'feature_preprocessor:__choice__': 'no_preprocessing', 'classifier:IForestClassifier:bootstrap': 'False', 'classifier:IForestClassifier:contamination': 0.1, 'classifier:IForestClassifier:max_features': 1.0, 'classifier:IForestClassifier:max_samples': 0.5, 'classifier:IForestClassifier:n_estimators': 150}",10,Success,0.0,IForestClassifier,NoPreprocessing,no_preprocessing,,,,,,,,,,,,,,False,0.1,1.0,0.5,150.0
0.5049999999999999,0.5049999999999999,0.6540950226244343,0.7857165336608887,"{'classifier:__choice__': 'IForestClassifier', 'data_preprocessor:__choice__': 'NoPreprocessing', 'feature_preprocessor:__choice__': 'no_preprocessing', 'classifier:IForestClassifier:bootstrap': 'False', 'classifier:IForestClassifier:contamination': 0.2, 'classifier:IForestClassifier:max_features': 1.0, 'classifier:IForestClassifier:max_samples': 0.9000000000000001, 'classifier:IForestClassifier:n_estimators': 20}",13,Success,0.0,IForestClassifier,NoPreprocessing,no_preprocessing,,,,,,,,,,,,,,False,0.2,1.0,0.9000000000000001,20.0
0.59,0.59,0.6863510101010101,0.7838084697723389,"{'classifier:__choice__': 'IForestClassifier', 'data_preprocessor:__choice__': 'NoPreprocessing', 'feature_preprocessor:__choice__': 'no_preprocessing', 'classifier:IForestClassifier:bootstrap': 'False', 'classifier:IForestClassifier:contamination': 0.4, 'classifier:IForestClassifier:max_features': 1.0, 'classifier:IForestClassifier:max_samples': 0.45, 'classifier:IForestClassifier:n_estimators': 20}",1,Success,0.0,IForestClassifier,NoPreprocessing,no_preprocessing,,,,,,,,,,,,,,False,0.4,1.0,0.45,20.0
0.43000000000000005,0.43000000000000005,0.49535108166687114,1.3610942363739014,"{'classifier:__choice__': 'IForestClassifier', 'data_preprocessor:__choice__': 'NoPreprocessing', 'feature_preprocessor:__choice__': 'no_preprocessing', 'classifier:IForestClassifier:bootstrap': 'False', 'classifier:IForestClassifier:contamination': 0.35000000000000003, 'classifier:IForestClassifier:max_features': 1.0, 'classifier:IForestClassifier:max_samples': 0.7, 'classifier:IForestClassifier:n_estimators': 80}",61,Success,0.0,IForestClassifier,NoPreprocessing,no_preprocessing,,,,,,,,,,,,,,False,0.35000000000000003,1.0,0.7,80.0
0.44999999999999996,0.44999999999999996,0.502837712682914,1.3245563507080078,"{'classifier:__choice__': 'IForestClassifier', 'data_preprocessor:__choice__': 'NoPreprocessing', 'feature_preprocessor:__choice__': 'no_preprocessing', 'classifier:IForestClassifier:bootstrap': 'False', 'classifier:IForestClassifier:contamination': 0.1, 'classifier:IForestClassifier:max_features': 1.0, 'classifier:IForestClassifier:max_samples': 0.8500000000000001, 'classifier:IForestClassifier:n_estimators': 75}",52,Success,0.0,IForestClassifier,NoPreprocessing,no_preprocessing,,,,,,,,,,,,,,False,0.1,1.0,0.8500000000000001,75.0
0.48,0.48,0.5542555105713001,1.3875682353973389,"{'classifier:__choice__': 'IForestClassifier', 'data_preprocessor:__choice__': 'NoPreprocessing', 'feature_preprocessor:__choice__': 'no_preprocessing', 'classifier:IForestClassifier:bootstrap': 'False', 'classifier:IForestClassifier:contamination': 0.1, 'classifier:IForestClassifier:max_features': 1.0, 'classifier:IForestClassifier:max_samples': 0.30000000000000004, 'classifier:IForestClassifier:n_estimators': 85}",29,Success,0.0,IForestClassifier,NoPreprocessing,no_preprocessing,,,,,,,,,,,,,,False,0.1,1.0,0.30000000000000004,85.0
0.49,0.49,0.5802427637721755,1.140195608139038,"{'classifier:__choice__': 'IForestClassifier', 'data_preprocessor:__choice__': 'NoPreprocessing', 'feature_preprocessor:__choice__': 'no_preprocessing', 'classifier:IForestClassifier:bootstrap': 'False', 'classifier:IForestClassifier:contamination': 0.1, 'classifier:IForestClassifier:max_features': 1.0, 'classifier:IForestClassifier:max_samples': 0.25, 'classifier:IForestClassifier:n_estimators': 60}",21,Success,0.0,IForestClassifier,NoPreprocessing,no_preprocessing,,,,,,,,,,,,,,False,0.1,1.0,0.25,60.0
0.555,0.555,0.6310683760683761,0.7346937656402588,"{'classifier:__choice__': 'IForestClassifier', 'data_preprocessor:__choice__': 'NoPreprocessing', 'feature_preprocessor:__choice__': 'no_preprocessing', 'classifier:IForestClassifier:bootstrap': 'False', 'classifier:IForestClassifier:contamination': 0.5, 'classifier:IForestClassifier:max_features': 1.0, 'classifier:IForestClassifier:max_samples': 0.25, 'classifier:IForestClassifier:n_estimators': 15}",2,Success,0.0,IForestClassifier,NoPreprocessing,no_preprocessing,,,,,,,,,,,,,,False,0.5,1.0,0.25,15.0
0.41999999999999993,0.41999999999999993,0.5207766743060861,1.1272029876708984,"{'classifier:__choice__': 'IForestClassifier', 'data_preprocessor:__choice__': 'NoPreprocessing', 'feature_preprocessor:__choice__': 'no_preprocessing', 'classifier:IForestClassifier:bootstrap': 'False', 'classifier:IForestClassifier:contamination': 0.1, 'classifier:IForestClassifier:max_features': 1.0, 'classifier:IForestClassifier:max_samples': 0.9000000000000001, 'classifier:IForestClassifier:n_estimators': 55}",63,Success,0.0,IForestClassifier,NoPreprocessing,no_preprocessing,,,,,,,,,,,,,,False,0.1,1.0,0.9000000000000001,55.0
0.44999999999999996,0.44999999999999996,0.5134298982750995,1.376206398010254,"{'classifier:__choice__': 'IForestClassifier', 'data_preprocessor:__choice__': 'NoPreprocessing', 'feature_preprocessor:__choice__': 'no_preprocessing', 'classifier:IForestClassifier:bootstrap': 'False', 'classifier:IForestClassifier:contamination': 0.2, 'classifier:IForestClassifier:max_features': 1.0, 'classifier:IForestClassifier:max_samples': 0.55, 'classifier:IForestClassifier:n_estimators': 80}",52,Success,0.0,IForestClassifier,NoPreprocessing,no_preprocessing,,,,,,,,,,,,,,False,0.2,1.0,0.55,80.0
0.5,0.5,0.5842632316084329,1.5154507160186768,"{'classifier:__choice__': 'IForestClassifier', 'data_preprocessor:__choice__': 'NoPreprocessing', 'feature_preprocessor:__choice__': 'no_preprocessing', 'classifier:IForestClassifier:bootstrap': 'False', 'classifier:IForestClassifier:contamination': 0.3, 'classifier:IForestClassifier:max_features': 1.0, 'classifier:IForestClassifier:max_samples': 0.6000000000000001, 'classifier:IForestClassifier:n_estimators': 95}",14,Success,0.0,IForestClassifier,NoPreprocessing,no_preprocessing,,,,,,,,,,,,,,False,0.3,1.0,0.6000000000000001,95.0
0.4099999999999999,0.4099999999999999,0.5212076760528773,1.0259532928466797,"{'classifier:__choice__': 'IForestClassifier', 'data_preprocessor:__choice__': 'NoPreprocessing', 'feature_preprocessor:__choice__': 'no_preprocessing', 'classifier:IForestClassifier:bootstrap': 'False', 'classifier:IForestClassifier:contamination': 0.45, 'classifier:IForestClassifier:max_features': 1.0, 'classifier:IForestClassifier:max_samples': 0.95, 'classifier:IForestClassifier:n_estimators': 45}",66,Success,0.0,IForestClassifier,NoPreprocessing,no_preprocessing,,,,,,,,,,,,,,False,0.45,1.0,0.95,45.0
0.5,0.5,0.5792982456140351,1.7287530899047852,"{'classifier:__choice__': 'IForestClassifier', 'data_preprocessor:__choice__': 'NoPreprocessing', 'feature_preprocessor:__choice__': 'no_preprocessing', 'classifier:IForestClassifier:bootstrap': 'False', 'classifier:IForestClassifier:contamination': 0.5, 'classifier:IForestClassifier:max_features': 1.0, 'classifier:IForestClassifier:max_samples': 0.35000000000000003, 'classifier:IForestClassifier:n_estimators': 120}",14,Success,0.0,IForestClassifier,NoPreprocessing,no_preprocessing,,,,,,,,,,,,,,False,0.5,1.0,0.35000000000000003,120.0
0.47,0.47,0.553948823794025,2.412996530532837,"{'classifier:__choice__': 'IForestClassifier', 'data_preprocessor:__choice__': 'NoPreprocessing', 'feature_preprocessor:__choice__': 'no_preprocessing', 'classifier:IForestClassifier:bootstrap': 'False', 'classifier:IForestClassifier:contamination': 0.15000000000000002, 'classifier:IForestClassifier:max_features': 1.0, 'classifier:IForestClassifier:max_samples': 0.95, 'classifier:IForestClassifier:n_estimators': 185}",38,Success,0.0,IForestClassifier,NoPreprocessing,no_preprocessing,,,,,,,,,,,,,,False,0.15000000000000002,1.0,0.95,185.0
0.49,0.49,0.5744616443068455,1.336864709854126,"{'classifier:__choice__': 'IForestClassifier', 'data_preprocessor:__choice__': 'NoPreprocessing', 'feature_preprocessor:__choice__': 'no_preprocessing', 'classifier:IForestClassifier:bootstrap': 'False', 'classifier:IForestClassifier:contamination': 0.1, 'classifier:IForestClassifier:max_features': 1.0, 'classifier:IForestClassifier:max_samples': 0.25, 'classifier:IForestClassifier:n_estimators': 80}",21,Success,0.0,IForestClassifier,NoPreprocessing,no_preprocessing,,,,,,,,,,,,,,False,0.1,1.0,0.25,80.0
0.5199999999999999,0.5199999999999999,0.5855772005772005,1.604426622390747,"{'classifier:__choice__': 'IForestClassifier', 'data_preprocessor:__choice__': 'NoPreprocessing', 'feature_preprocessor:__choice__': 'no_preprocessing', 'classifier:IForestClassifier:bootstrap': 'False', 'classifier:IForestClassifier:contamination': 0.35000000000000003, 'classifier:IForestClassifier:max_features': 1.0, 'classifier:IForestClassifier:max_samples': 0.2, 'classifier:IForestClassifier:n_estimators': 110}",8,Success,0.0,IForestClassifier,NoPreprocessing,no_preprocessing,,,,,,,,,,,,,,False,0.35000000000000003,1.0,0.2,110.0
0.47,0.47,0.5543409806567702,2.141806125640869,"{'classifier:__choice__': 'IForestClassifier', 'data_preprocessor:__choice__': 'NoPreprocessing', 'feature_preprocessor:__choice__': 'no_preprocessing', 'classifier:IForestClassifier:bootstrap': 'False', 'classifier:IForestClassifier:contamination': 0.25, 'classifier:IForestClassifier:max_features': 1.0, 'classifier:IForestClassifier:max_samples': 1.0, 'classifier:IForestClassifier:n_estimators': 160}",38,Success,0.0,IForestClassifier,NoPreprocessing,no_preprocessing,,,,,,,,,,,,,,False,0.25,1.0,1.0,160.0
0.43999999999999995,0.43999999999999995,0.4938647901805797,1.9694514274597168,"{'classifier:__choice__': 'IForestClassifier', 'data_preprocessor:__choice__': 'NoPreprocessing', 'feature_preprocessor:__choice__': 'no_preprocessing', 'classifier:IForestClassifier:bootstrap': 'False', 'classifier:IForestClassifier:contamination': 0.1, 'classifier:IForestClassifier:max_features': 1.0, 'classifier:IForestClassifier:max_samples': 0.95, 'classifier:IForestClassifier:n_estimators': 150}",57,Success,0.0,IForestClassifier,NoPreprocessing,no_preprocessing,,,,,,,,,,,,,,False,0.1,1.0,0.95,150.0
0.41999999999999993,0.41999999999999993,0.538002547847749,0.9803104400634766,"{'classifier:__choice__': 'IForestClassifier', 'data_preprocessor:__choice__': 'NoPreprocessing', 'feature_preprocessor:__choice__': 'no_preprocessing', 'classifier:IForestClassifier:bootstrap': 'False', 'classifier:IForestClassifier:contamination': 0.4, 'classifier:IForestClassifier:max_features': 1.0, 'classifier:IForestClassifier:max_samples': 0.8, 'classifier:IForestClassifier:n_estimators': 50}",63,Success,0.0,IForestClassifier,NoPreprocessing,no_preprocessing,,,,,,,,,,,,,,False,0.4,1.0,0.8,50.0
0.47,0.47,0.5605361253813266,1.071091651916504,"{'classifier:__choice__': 'IForestClassifier', 'data_preprocessor:__choice__': 'NoPreprocessing', 'feature_preprocessor:__choice__': 'no_preprocessing', 'classifier:IForestClassifier:bootstrap': 'False', 'classifier:IForestClassifier:contamination': 0.1, 'classifier:IForestClassifier:max_features': 1.0, 'classifier:IForestClassifier:max_samples': 0.45, 'classifier:IForestClassifier:n_estimators': 60}",38,Success,0.0,IForestClassifier,NoPreprocessing,no_preprocessing,,,,,,,,,,,,,,False,0.1,1.0,0.45,60.0
0.45999999999999996,0.45999999999999996,0.5528377126829139,1.1768629550933838,"{'classifier:__choice__': 'IForestClassifier', 'data_preprocessor:__choice__': 'NoPreprocessing', 'feature_preprocessor:__choice__': 'no_preprocessing', 'classifier:IForestClassifier:bootstrap': 'False', 'classifier:IForestClassifier:contamination': 0.3, 'classifier:IForestClassifier:max_features': 1.0, 'classifier:IForestClassifier:max_samples': 1.0, 'classifier:IForestClassifier:n_estimators': 70}",46,Success,0.0,IForestClassifier,NoPreprocessing,no_preprocessing,,,,,,,,,,,,,,False,0.3,1.0,1.0,70.0
0.4099999999999999,0.4099999999999999,0.4910270774976657,1.3662075996398926,"{'classifier:__choice__': 'IForestClassifier', 'data_preprocessor:__choice__': 'NoPreprocessing', 'feature_preprocessor:__choice__': 'no_preprocessing', 'classifier:IForestClassifier:bootstrap': 'False', 'classifier:IForestClassifier:contamination': 0.25, 'classifier:IForestClassifier:max_features': 1.0, 'classifier:IForestClassifier:max_samples': 0.75, 'classifier:IForestClassifier:n_estimators': 90}",66,Success,0.0,IForestClassifier,NoPreprocessing,no_preprocessing,,,,,,,,,,,,,,False,0.25,1.0,0.75,90.0
0.51,0.51,0.5822394220846233,2.1113979816436768,"{'classifier:__choice__': 'IForestClassifier', 'data_preprocessor:__choice__': 'NoPreprocessing', 'feature_preprocessor:__choice__': 'no_preprocessing', 'classifier:IForestClassifier:bootstrap': 'False', 'classifier:IForestClassifier:contamination': 0.35000000000000003, 'classifier:IForestClassifier:max_features': 1.0, 'classifier:IForestClassifier:max_samples': 0.30000000000000004, 'classifier:IForestClassifier:n_estimators': 170}",10,Success,0.0,IForestClassifier,NoPreprocessing,no_preprocessing,,,,,,,,,,,,,,False,0.35000000000000003,1.0,0.30000000000000004,170.0
0.49,0.49,0.5744616443068455,1.23598313331604,"{'classifier:__choice__': 'IForestClassifier', 'data_preprocessor:__choice__': 'NoPreprocessing', 'feature_preprocessor:__choice__': 'no_preprocessing', 'classifier:IForestClassifier:bootstrap': 'False', 'classifier:IForestClassifier:contamination': 0.05, 'classifier:IForestClassifier:max_features': 1.0, 'classifier:IForestClassifier:max_samples': 0.25, 'classifier:IForestClassifier:n_estimators': 80}",21,Success,0.0,IForestClassifier,NoPreprocessing,no_preprocessing,,,,,,,,,,,,,,False,0.05,1.0,0.25,80.0
0.45499999999999996,0.45499999999999996,0.5757983193277311,0.7415714263916016,"{'classifier:__choice__': 'IForestClassifier', 'data_preprocessor:__choice__': 'NoPreprocessing', 'feature_preprocessor:__choice__': 'no_preprocessing', 'classifier:IForestClassifier:bootstrap': 'False', 'classifier:IForestClassifier:contamination': 0.25, 'classifier:IForestClassifier:max_features': 1.0, 'classifier:IForestClassifier:max_samples': 0.9000000000000001, 'classifier:IForestClassifier:n_estimators': 25}",51,Success,0.0,IForestClassifier,NoPreprocessing,no_preprocessing,,,,,,,,,,,,,,False,0.25,1.0,0.9000000000000001,25.0
0.43999999999999995,0.43999999999999995,0.4912504110956124,2.1942672729492188,"{'classifier:__choice__': 'IForestClassifier', 'data_preprocessor:__choice__': 'NoPreprocessing', 'feature_preprocessor:__choice__': 'no_preprocessing', 'classifier:IForestClassifier:bootstrap': 'False', 'classifier:IForestClassifier:contamination': 0.45, 'classifier:IForestClassifier:max_features': 1.0, 'classifier:IForestClassifier:max_samples': 0.95, 'classifier:IForestClassifier:n_estimators': 165}",57,Success,0.0,IForestClassifier,NoPreprocessing,no_preprocessing,,,,,,,,,,,,,,False,0.45,1.0,0.95,165.0
0.48,0.48,0.5717632316084329,1.607893943786621,"{'classifier:__choice__': 'IForestClassifier', 'data_preprocessor:__choice__': 'NoPreprocessing', 'feature_preprocessor:__choice__': 'no_preprocessing', 'classifier:IForestClassifier:bootstrap': 'False', 'classifier:IForestClassifier:contamination': 0.05, 'classifier:IForestClassifier:max_features': 1.0, 'classifier:IForestClassifier:max_samples': 0.6000000000000001, 'classifier:IForestClassifier:n_estimators': 115}",29,Success,0.0,IForestClassifier,NoPreprocessing,no_preprocessing,,,,,,,,,,,,,,False,0.05,1.0,0.6000000000000001,115.0
0.48,0.48,0.5610916809368821,2.2491562366485596,"{'classifier:__choice__': 'IForestClassifier', 'data_preprocessor:__choice__': 'NoPreprocessing', 'feature_preprocessor:__choice__': 'no_preprocessing', 'classifier:IForestClassifier:bootstrap': 'False', 'classifier:IForestClassifier:contamination': 0.25, 'classifier:IForestClassifier:max_features': 1.0, 'classifier:IForestClassifier:max_samples': 1.0, 'classifier:IForestClassifier:n_estimators': 170}",29,Success,0.0,IForestClassifier,NoPreprocessing,no_preprocessing,,,,,,,,,,,,,,False,0.25,1.0,1.0,170.0
0.525,0.525,0.5853800366300366,0.7813720703125,"{'classifier:__choice__': 'IForestClassifier', 'data_preprocessor:__choice__': 'NoPreprocessing', 'feature_preprocessor:__choice__': 'no_preprocessing', 'classifier:IForestClassifier:bootstrap': 'False', 'classifier:IForestClassifier:contamination': 0.2, 'classifier:IForestClassifier:max_features': 1.0, 'classifier:IForestClassifier:max_samples': 0.45, 'classifier:IForestClassifier:n_estimators': 30}",5,Success,0.0,IForestClassifier,NoPreprocessing,no_preprocessing,,,,,,,,,,,,,,False,0.2,1.0,0.45,30.0
0.495,0.495,0.6090950226244344,0.744948148727417,"{'classifier:__choice__': 'IForestClassifier', 'data_preprocessor:__choice__': 'NoPreprocessing', 'feature_preprocessor:__choice__': 'no_preprocessing', 'classifier:IForestClassifier:bootstrap': 'False', 'classifier:IForestClassifier:contamination': 0.45, 'classifier:IForestClassifier:max_features': 1.0, 'classifier:IForestClassifier:max_samples': 0.95, 'classifier:IForestClassifier:n_estimators': 25}",19,Success,0.0,IForestClassifier,NoPreprocessing,no_preprocessing,,,,,,,,,,,,,,False,0.45,1.0,0.95,25.0
0.47,0.47,0.5217632316084329,1.6069650650024414,"{'classifier:__choice__': 'IForestClassifier', 'data_preprocessor:__choice__': 'NoPreprocessing', 'feature_preprocessor:__choice__': 'no_preprocessing', 'classifier:IForestClassifier:bootstrap': 'False', 'classifier:IForestClassifier:contamination': 0.25, 'classifier:IForestClassifier:max_features': 1.0, 'classifier:IForestClassifier:max_samples': 0.7, 'classifier:IForestClassifier:n_estimators': 115}",38,Success,0.0,IForestClassifier,NoPreprocessing,no_preprocessing,,,,,,,,,,,,,,False,0.25,1.0,0.7,115.0
0.49,0.49,0.5747394220846234,2.204658031463623,"{'classifier:__choice__': 'IForestClassifier', 'data_preprocessor:__choice__': 'NoPreprocessing', 'feature_preprocessor:__choice__': 'no_preprocessing', 'classifier:IForestClassifier:bootstrap': 'False', 'classifier:IForestClassifier:contamination': 0.2, 'classifier:IForestClassifier:max_features': 1.0, 'classifier:IForestClassifier:max_samples': 0.6000000000000001, 'classifier:IForestClassifier:n_estimators': 165}",21,Success,0.0,IForestClassifier,NoPreprocessing,no_preprocessing,,,,,,,,,,,,,,False,0.2,1.0,0.6000000000000001,165.0
0.44999999999999996,0.44999999999999996,0.5424649859943979,1.0395028591156006,"{'classifier:__choice__': 'IForestClassifier', 'data_preprocessor:__choice__': 'NoPreprocessing', 'feature_preprocessor:__choice__': 'no_preprocessing', 'classifier:IForestClassifier:bootstrap': 'False', 'classifier:IForestClassifier:contamination': 0.15000000000000002, 'classifier:IForestClassifier:max_features': 1.0, 'classifier:IForestClassifier:max_samples': 0.8500000000000001, 'classifier:IForestClassifier:n_estimators': 55}",52,Success,0.0,IForestClassifier,NoPreprocessing,no_preprocessing,,,,,,,,,,,,,,False,0.15000000000000002,1.0,0.8500000000000001,55.0
0.47,0.47,0.5221187584345479,1.6731431484222412,"{'classifier:__choice__': 'IForestClassifier', 'data_preprocessor:__choice__': 'NoPreprocessing', 'feature_preprocessor:__choice__': 'no_preprocessing', 'classifier:IForestClassifier:bootstrap': 'False', 'classifier:IForestClassifier:contamination': 0.1, 'classifier:IForestClassifier:max_features': 1.0, 'classifier:IForestClassifier:max_samples': 0.65, 'classifier:IForestClassifier:n_estimators': 120}",38,Success,0.0,IForestClassifier,NoPreprocessing,no_preprocessing,,,,,,,,,,,,,,False,0.1,1.0,0.65,120.0
0.45999999999999996,0.45999999999999996,0.5110076473234368,1.901641607284546,"{'classifier:__choice__': 'IForestClassifier', 'data_preprocessor:__choice__': 'NoPreprocessing', 'feature_preprocessor:__choice__': 'no_preprocessing', 'classifier:IForestClassifier:bootstrap': 'False', 'classifier:IForestClassifier:contamination': 0.5, 'classifier:IForestClassifier:max_features': 1.0, 'classifier:IForestClassifier:max_samples': 1.0, 'classifier:IForestClassifier:n_estimators': 135}",46,Success,0.0,IForestClassifier,NoPreprocessing,no_preprocessing,,,,,,,,,,,,,,False,0.5,1.0,1.0,135.0
0.4099999999999999,0.4099999999999999,0.5350613713771608,0.9847052097320557,"{'classifier:__choice__': 'IForestClassifier', 'data_preprocessor:__choice__': 'NoPreprocessing', 'feature_preprocessor:__choice__': 'no_preprocessing', 'classifier:IForestClassifier:bootstrap': 'False', 'classifier:IForestClassifier:contamination': 0.3, 'classifier:IForestClassifier:max_features': 1.0, 'classifier:IForestClassifier:max_samples': 0.75, 'classifier:IForestClassifier:n_estimators': 50}",66,Success,0.0,IForestClassifier,NoPreprocessing,no_preprocessing,,,,,,,,,,,,,,False,0.3,1.0,0.75,50.0
0.5,0.5,0.5842632316084329,1.9109416007995605,"{'classifier:__choice__': 'IForestClassifier', 'data_preprocessor:__choice__': 'NoPreprocessing', 'feature_preprocessor:__choice__': 'no_preprocessing', 'classifier:IForestClassifier:bootstrap': 'False', 'classifier:IForestClassifier:contamination': 0.3, 'classifier:IForestClassifier:max_features': 1.0, 'classifier:IForestClassifier:max_samples': 0.6000000000000001, 'classifier:IForestClassifier:n_estimators': 135}",14,Success,0.0,IForestClassifier,NoPreprocessing,no_preprocessing,,,,,,,,,,,,,,False,0.3,1.0,0.6000000000000001,135.0
0.5,0.5,0.5779839115133233,1.5315635204315186,"{'classifier:__choice__': 'IForestClassifier', 'data_preprocessor:__choice__': 'NoPreprocessing', 'feature_preprocessor:__choice__': 'no_preprocessing', 'classifier:IForestClassifier:bootstrap': 'False', 'classifier:IForestClassifier:contamination': 0.5, 'classifier:IForestClassifier:max_features': 1.0, 'classifier:IForestClassifier:max_samples': 0.5, 'classifier:IForestClassifier:n_estimators': 110}",14,Success,0.0,IForestClassifier,NoPreprocessing,no_preprocessing,,,,,,,,,,,,,,False,0.5,1.0,0.5,110.0
0.44999999999999996,0.44999999999999996,0.5076939675391688,2.065925359725952,"{'classifier:__choice__': 'IForestClassifier', 'data_preprocessor:__choice__': 'NoPreprocessing', 'feature_preprocessor:__choice__': 'no_preprocessing', 'classifier:IForestClassifier:bootstrap': 'False', 'classifier:IForestClassifier:contamination': 0.35000000000000003, 'classifier:IForestClassifier:max_features': 1.0, 'classifier:IForestClassifier:max_samples': 0.65, 'classifier:IForestClassifier:n_estimators': 150}",52,Success,0.0,IForestClassifier,NoPreprocessing,no_preprocessing,,,,,,,,,,,,,,False,0.35000000000000003,1.0,0.65,150.0
0.43999999999999995,0.43999999999999995,0.49771094402673355,2.0056841373443604,"{'classifier:__choice__': 'IForestClassifier', 'data_preprocessor:__choice__': 'NoPreprocessing', 'feature_preprocessor:__choice__': 'no_preprocessing', 'classifier:IForestClassifier:bootstrap': 'False', 'classifier:IForestClassifier:contamination': 0.4, 'classifier:IForestClassifier:max_features': 1.0, 'classifier:IForestClassifier:max_samples': 0.8, 'classifier:IForestClassifier:n_estimators': 145}",57,Success,0.0,IForestClassifier,NoPreprocessing,no_preprocessing,,,,,,,,,,,,,,False,0.4,1.0,0.8,145.0
0.45999999999999996,0.45999999999999996,0.5192616155774051,2.4386844635009766,"{'classifier:__choice__': 'IForestClassifier', 'data_preprocessor:__choice__': 'NoPreprocessing', 'feature_preprocessor:__choice__': 'no_preprocessing', 'classifier:IForestClassifier:bootstrap': 'False', 'classifier:IForestClassifier:contamination': 0.05, 'classifier:IForestClassifier:max_features': 1.0, 'classifier:IForestClassifier:max_samples': 0.8500000000000001, 'classifier:IForestClassifier:n_estimators': 190}",46,Success,0.0,IForestClassifier,NoPreprocessing,no_preprocessing,,,,,,,,,,,,,,False,0.05,1.0,0.8500000000000001,190.0
0.42999999999999994,0.42999999999999994,0.4992142120005897,1.7723479270935059,"{'classifier:__choice__': 'IForestClassifier', 'data_preprocessor:__choice__': 'NoPreprocessing', 'feature_preprocessor:__choice__': 'no_preprocessing', 'classifier:IForestClassifier:bootstrap': 'False', 'classifier:IForestClassifier:contamination': 0.25, 'classifier:IForestClassifier:max_features': 1.0, 'classifier:IForestClassifier:max_samples': 0.75, 'classifier:IForestClassifier:n_estimators': 120}",62,Success,0.0,IForestClassifier,NoPreprocessing,no_preprocessing,,,,,,,,,,,,,,False,0.25,1.0,0.75,120.0
0.43999999999999995,0.43999999999999995,0.53968720821662,0.9909052848815918,"{'classifier:__choice__': 'IForestClassifier', 'data_preprocessor:__choice__': 'NoPreprocessing', 'feature_preprocessor:__choice__': 'no_preprocessing', 'classifier:IForestClassifier:bootstrap': 'False', 'classifier:IForestClassifier:contamination': 0.4, 'classifier:IForestClassifier:max_features': 1.0, 'classifier:IForestClassifier:max_samples': 1.0, 'classifier:IForestClassifier:n_estimators': 50}",57,Success,0.0,IForestClassifier,NoPreprocessing,no_preprocessing,,,,,,,,,,,,,,False,0.4,1.0,1.0,50.0
0.48,0.48,0.5696248196248196,0.5472042560577393,"{'classifier:__choice__': 'IForestClassifier', 'data_preprocessor:__choice__': 'NoPreprocessing', 'feature_preprocessor:__choice__': 'no_preprocessing', 'classifier:IForestClassifier:bootstrap': 'False', 'classifier:IForestClassifier:contamination': 0.4, 'classifier:IForestClassifier:max_features': 1.0, 'classifier:IForestClassifier:max_samples': 1.0, 'classifier:IForestClassifier:n_estimators': 5}",29,Success,0.0,IForestClassifier,NoPreprocessing,no_preprocessing,,,,,,,,,,,,,,False,0.4,1.0,1.0,5.0
0.0,,,1.005129098892212,"{'classifier:__choice__': 'IForestClassifier', 'data_preprocessor:__choice__': 'NoPreprocessing', 'feature_preprocessor:__choice__': 'no_preprocessing', 'classifier:IForestClassifier:bootstrap': 'False', 'classifier:IForestClassifier:contamination': 0.35000000000000003, 'classifier:IForestClassifier:max_features': 1.0, 'classifier:IForestClassifier:max_samples': 0.35000000000000003, 'classifier:IForestClassifier:n_estimators': 100}",71,Timeout,0.0,IForestClassifier,NoPreprocessing,no_preprocessing,,,,,,,,,,,,,,False,0.35000000000000003,1.0,0.35000000000000003,100.0
