mean_test_score,metric_roc_auc,metric_average_precision,mean_fit_time,params,rank_test_scores,status,budgets,param_classifier:__choice__,param_data_preprocessor:__choice__,param_feature_preprocessor:__choice__,param_classifier:CBLOFClassifier:alpha,param_classifier:CBLOFClassifier:beta,param_classifier:CBLOFClassifier:contamination,param_classifier:CBLOFClassifier:n_clusters,param_classifier:CBLOFClassifier:use_weights,param_classifier:COPODClassifier:contamination,param_classifier:IForestClassifier:bootstrap,param_classifier:IForestClassifier:contamination,param_classifier:IForestClassifier:max_features,param_classifier:IForestClassifier:max_samples,param_classifier:IForestClassifier:n_estimators,param_classifier:KNNClassifier:contamination,param_classifier:KNNClassifier:method,param_classifier:KNNClassifier:n_neighbors,param_classifier:KNNClassifier:p,param_classifier:LOFClassifier:contamination,param_classifier:LOFClassifier:n_neighbors,param_classifier:LOFClassifier:p
0.3613053613053613,0.3613053613053613,0.22653017611214532,2.384944438934326,"{'classifier:__choice__': 'CBLOFClassifier', 'data_preprocessor:__choice__': 'NoPreprocessing', 'feature_preprocessor:__choice__': 'no_preprocessing', 'classifier:CBLOFClassifier:alpha': 0.9, 'classifier:CBLOFClassifier:beta': 6, 'classifier:CBLOFClassifier:contamination': 0.1, 'classifier:CBLOFClassifier:n_clusters': 8, 'classifier:CBLOFClassifier:use_weights': 'False'}",304,Success,0.0,CBLOFClassifier,NoPreprocessing,no_preprocessing,0.9,6.0,0.1,8.0,False,,,,,,,,,,,,,
0.7062937062937062,0.7062937062937062,0.44654944767525684,0.7108063697814941,"{'classifier:__choice__': 'LOFClassifier', 'data_preprocessor:__choice__': 'NoPreprocessing', 'feature_preprocessor:__choice__': 'no_preprocessing', 'classifier:LOFClassifier:contamination': 0.2, 'classifier:LOFClassifier:n_neighbors': 155, 'classifier:LOFClassifier:p': 2}",152,Success,0.0,LOFClassifier,NoPreprocessing,no_preprocessing,,,,,,,,,,,,,,,,0.2,155.0,2.0
0.6503496503496504,0.6503496503496504,0.4092510100433623,2.2671189308166504,"{'classifier:__choice__': 'CBLOFClassifier', 'data_preprocessor:__choice__': 'NoPreprocessing', 'feature_preprocessor:__choice__': 'no_preprocessing', 'classifier:CBLOFClassifier:alpha': 0.9, 'classifier:CBLOFClassifier:beta': 14, 'classifier:CBLOFClassifier:contamination': 0.3, 'classifier:CBLOFClassifier:n_clusters': 14, 'classifier:CBLOFClassifier:use_weights': 'False'}",175,Success,0.0,CBLOFClassifier,NoPreprocessing,no_preprocessing,0.9,14.0,0.3,14.0,False,,,,,,,,,,,,,
0.4358974358974359,0.4358974358974359,0.25593010541831385,0.8080861568450928,"{'classifier:__choice__': 'KNNClassifier', 'data_preprocessor:__choice__': 'NoPreprocessing', 'feature_preprocessor:__choice__': 'no_preprocessing', 'classifier:KNNClassifier:contamination': 0.35000000000000003, 'classifier:KNNClassifier:method': 'largest', 'classifier:KNNClassifier:n_neighbors': 3, 'classifier:KNNClassifier:p': 2}",291,Success,0.0,KNNClassifier,NoPreprocessing,no_preprocessing,,,,,,,,,,,,0.35000000000000003,largest,3.0,2.0,,,
0.6993006993006993,0.6993006993006993,0.44332642370919884,0.7016105651855469,"{'classifier:__choice__': 'LOFClassifier', 'data_preprocessor:__choice__': 'NoPreprocessing', 'feature_preprocessor:__choice__': 'no_preprocessing', 'classifier:LOFClassifier:contamination': 0.2, 'classifier:LOFClassifier:n_neighbors': 131, 'classifier:LOFClassifier:p': 2}",159,Success,0.0,LOFClassifier,NoPreprocessing,no_preprocessing,,,,,,,,,,,,,,,,0.2,131.0,2.0
0.4242424242424243,0.4242424242424243,0.21452318781953317,2.2388148307800293,"{'classifier:__choice__': 'CBLOFClassifier', 'data_preprocessor:__choice__': 'NoPreprocessing', 'feature_preprocessor:__choice__': 'no_preprocessing', 'classifier:CBLOFClassifier:alpha': 0.8500000000000001, 'classifier:CBLOFClassifier:beta': 20, 'classifier:CBLOFClassifier:contamination': 0.05, 'classifier:CBLOFClassifier:n_clusters': 10, 'classifier:CBLOFClassifier:use_weights': 'False'}",293,Success,0.0,CBLOFClassifier,NoPreprocessing,no_preprocessing,0.8500000000000001,20.0,0.05,10.0,False,,,,,,,,,,,,,
0.7808857808857808,0.7808857808857808,0.5281568245683078,0.6329491138458252,"{'classifier:__choice__': 'COPODClassifier', 'data_preprocessor:__choice__': 'NoPreprocessing', 'feature_preprocessor:__choice__': 'no_preprocessing', 'classifier:COPODClassifier:contamination': 0.5}",81,Success,0.0,COPODClassifier,NoPreprocessing,no_preprocessing,,,,,,0.5,,,,,,,,,,,,
0.7785547785547786,0.7785547785547786,0.5271324070666177,1.7555382251739502,"{'classifier:__choice__': 'IForestClassifier', 'data_preprocessor:__choice__': 'NoPreprocessing', 'feature_preprocessor:__choice__': 'no_preprocessing', 'classifier:IForestClassifier:bootstrap': 'False', 'classifier:IForestClassifier:contamination': 0.4, 'classifier:IForestClassifier:max_features': 1.0, 'classifier:IForestClassifier:max_samples': 0.75, 'classifier:IForestClassifier:n_estimators': 190}",91,Success,0.0,IForestClassifier,NoPreprocessing,no_preprocessing,,,,,,,False,0.4,1.0,0.75,190.0,,,,,,,
0.5128205128205129,0.5128205128205129,0.28674870557466203,0.6597743034362793,"{'classifier:__choice__': 'LOFClassifier', 'data_preprocessor:__choice__': 'NoPreprocessing', 'feature_preprocessor:__choice__': 'no_preprocessing', 'classifier:LOFClassifier:contamination': 0.45, 'classifier:LOFClassifier:n_neighbors': 17, 'classifier:LOFClassifier:p': 2}",260,Success,0.0,LOFClassifier,NoPreprocessing,no_preprocessing,,,,,,,,,,,,,,,,0.45,17.0,2.0
0.7599067599067599,0.7599067599067599,0.5198672946473533,1.170236349105835,"{'classifier:__choice__': 'IForestClassifier', 'data_preprocessor:__choice__': 'NoPreprocessing', 'feature_preprocessor:__choice__': 'no_preprocessing', 'classifier:IForestClassifier:bootstrap': 'False', 'classifier:IForestClassifier:contamination': 0.05, 'classifier:IForestClassifier:max_features': 1.0, 'classifier:IForestClassifier:max_samples': 0.75, 'classifier:IForestClassifier:n_estimators': 80}",111,Success,0.0,IForestClassifier,NoPreprocessing,no_preprocessing,,,,,,,False,0.05,1.0,0.75,80.0,,,,,,,
0.710955710955711,0.710955710955711,0.46585874019029094,0.8901972770690918,"{'classifier:__choice__': 'LOFClassifier', 'data_preprocessor:__choice__': 'NoPreprocessing', 'feature_preprocessor:__choice__': 'no_preprocessing', 'classifier:LOFClassifier:contamination': 0.25, 'classifier:LOFClassifier:n_neighbors': 191, 'classifier:LOFClassifier:p': 2}",144,Success,0.0,LOFClassifier,NoPreprocessing,no_preprocessing,,,,,,,,,,,,,,,,0.25,191.0,2.0
0.662004662004662,0.662004662004662,0.4166269545602024,0.8214750289916992,"{'classifier:__choice__': 'LOFClassifier', 'data_preprocessor:__choice__': 'NoPreprocessing', 'feature_preprocessor:__choice__': 'no_preprocessing', 'classifier:LOFClassifier:contamination': 0.05, 'classifier:LOFClassifier:n_neighbors': 96, 'classifier:LOFClassifier:p': 2}",172,Success,0.0,LOFClassifier,NoPreprocessing,no_preprocessing,,,,,,,,,,,,,,,,0.05,96.0,2.0
0.769230769230769,0.769230769230769,0.4928562873226905,1.3200709819793701,"{'classifier:__choice__': 'IForestClassifier', 'data_preprocessor:__choice__': 'NoPreprocessing', 'feature_preprocessor:__choice__': 'no_preprocessing', 'classifier:IForestClassifier:bootstrap': 'False', 'classifier:IForestClassifier:contamination': 0.45, 'classifier:IForestClassifier:max_features': 1.0, 'classifier:IForestClassifier:max_samples': 0.25, 'classifier:IForestClassifier:n_estimators': 110}",102,Success,0.0,IForestClassifier,NoPreprocessing,no_preprocessing,,,,,,,False,0.45,1.0,0.25,110.0,,,,,,,
0.8041958041958042,0.8041958041958042,0.551684618631259,1.531867265701294,"{'classifier:__choice__': 'IForestClassifier', 'data_preprocessor:__choice__': 'NoPreprocessing', 'feature_preprocessor:__choice__': 'no_preprocessing', 'classifier:IForestClassifier:bootstrap': 'False', 'classifier:IForestClassifier:contamination': 0.1, 'classifier:IForestClassifier:max_features': 1.0, 'classifier:IForestClassifier:max_samples': 0.55, 'classifier:IForestClassifier:n_estimators': 160}",53,Success,0.0,IForestClassifier,NoPreprocessing,no_preprocessing,,,,,,,False,0.1,1.0,0.55,160.0,,,,,,,
0.7808857808857808,0.7808857808857808,0.5281568245683078,0.6393642425537109,"{'classifier:__choice__': 'COPODClassifier', 'data_preprocessor:__choice__': 'NoPreprocessing', 'feature_preprocessor:__choice__': 'no_preprocessing', 'classifier:COPODClassifier:contamination': 0.3}",81,Success,0.0,COPODClassifier,NoPreprocessing,no_preprocessing,,,,,,0.3,,,,,,,,,,,,
0.710955710955711,0.710955710955711,0.4550061238040778,0.7484748363494873,"{'classifier:__choice__': 'LOFClassifier', 'data_preprocessor:__choice__': 'NoPreprocessing', 'feature_preprocessor:__choice__': 'no_preprocessing', 'classifier:LOFClassifier:contamination': 0.05, 'classifier:LOFClassifier:n_neighbors': 172, 'classifier:LOFClassifier:p': 2}",144,Success,0.0,LOFClassifier,NoPreprocessing,no_preprocessing,,,,,,,,,,,,,,,,0.05,172.0,2.0
0.7808857808857808,0.7808857808857808,0.5281568245683078,0.6407198905944824,"{'classifier:__choice__': 'COPODClassifier', 'data_preprocessor:__choice__': 'NoPreprocessing', 'feature_preprocessor:__choice__': 'no_preprocessing', 'classifier:COPODClassifier:contamination': 0.45}",81,Success,0.0,COPODClassifier,NoPreprocessing,no_preprocessing,,,,,,0.45,,,,,,,,,,,,
0.7482517482517482,0.7482517482517482,0.4835569003033118,0.8947606086730957,"{'classifier:__choice__': 'IForestClassifier', 'data_preprocessor:__choice__': 'NoPreprocessing', 'feature_preprocessor:__choice__': 'no_preprocessing', 'classifier:IForestClassifier:bootstrap': 'False', 'classifier:IForestClassifier:contamination': 0.3, 'classifier:IForestClassifier:max_features': 1.0, 'classifier:IForestClassifier:max_samples': 0.75, 'classifier:IForestClassifier:n_estimators': 50}",122,Success,0.0,IForestClassifier,NoPreprocessing,no_preprocessing,,,,,,,False,0.3,1.0,0.75,50.0,,,,,,,
0.5058275058275059,0.5058275058275059,0.2676626525488006,0.6751077175140381,"{'classifier:__choice__': 'LOFClassifier', 'data_preprocessor:__choice__': 'NoPreprocessing', 'feature_preprocessor:__choice__': 'no_preprocessing', 'classifier:LOFClassifier:contamination': 0.2, 'classifier:LOFClassifier:n_neighbors': 30, 'classifier:LOFClassifier:p': 2}",268,Success,0.0,LOFClassifier,NoPreprocessing,no_preprocessing,,,,,,,,,,,,,,,,0.2,30.0,2.0
0.7808857808857808,0.7808857808857808,0.5281568245683078,0.639380693435669,"{'classifier:__choice__': 'COPODClassifier', 'data_preprocessor:__choice__': 'NoPreprocessing', 'feature_preprocessor:__choice__': 'no_preprocessing', 'classifier:COPODClassifier:contamination': 0.2}",81,Success,0.0,COPODClassifier,NoPreprocessing,no_preprocessing,,,,,,0.2,,,,,,,,,,,,
0.6293706293706294,0.6293706293706294,0.42234659045804557,0.9574882984161377,"{'classifier:__choice__': 'KNNClassifier', 'data_preprocessor:__choice__': 'NoPreprocessing', 'feature_preprocessor:__choice__': 'no_preprocessing', 'classifier:KNNClassifier:contamination': 0.45, 'classifier:KNNClassifier:method': 'largest', 'classifier:KNNClassifier:n_neighbors': 180, 'classifier:KNNClassifier:p': 2}",192,Success,0.0,KNNClassifier,NoPreprocessing,no_preprocessing,,,,,,,,,,,,0.45,largest,180.0,2.0,,,
0.7808857808857808,0.7808857808857808,0.5281568245683078,0.6395847797393799,"{'classifier:__choice__': 'COPODClassifier', 'data_preprocessor:__choice__': 'NoPreprocessing', 'feature_preprocessor:__choice__': 'no_preprocessing', 'classifier:COPODClassifier:contamination': 0.35000000000000003}",81,Success,0.0,COPODClassifier,NoPreprocessing,no_preprocessing,,,,,,0.35000000000000003,,,,,,,,,,,,
0.7808857808857808,0.7808857808857808,0.5281568245683078,0.6359968185424805,"{'classifier:__choice__': 'COPODClassifier', 'data_preprocessor:__choice__': 'NoPreprocessing', 'feature_preprocessor:__choice__': 'no_preprocessing', 'classifier:COPODClassifier:contamination': 0.1}",81,Success,0.0,COPODClassifier,NoPreprocessing,no_preprocessing,,,,,,0.1,,,,,,,,,,,,
0.7808857808857808,0.7808857808857808,0.5281568245683078,0.7777016162872314,"{'classifier:__choice__': 'COPODClassifier', 'data_preprocessor:__choice__': 'NoPreprocessing', 'feature_preprocessor:__choice__': 'no_preprocessing', 'classifier:COPODClassifier:contamination': 0.15000000000000002}",81,Success,0.0,COPODClassifier,NoPreprocessing,no_preprocessing,,,,,,0.15000000000000002,,,,,,,,,,,,
0.7156177156177156,0.7156177156177156,0.46280840320111005,0.8651227951049805,"{'classifier:__choice__': 'IForestClassifier', 'data_preprocessor:__choice__': 'NoPreprocessing', 'feature_preprocessor:__choice__': 'no_preprocessing', 'classifier:IForestClassifier:bootstrap': 'False', 'classifier:IForestClassifier:contamination': 0.05, 'classifier:IForestClassifier:max_features': 1.0, 'classifier:IForestClassifier:max_samples': 0.6000000000000001, 'classifier:IForestClassifier:n_estimators': 30}",138,Success,0.0,IForestClassifier,NoPreprocessing,no_preprocessing,,,,,,,False,0.05,1.0,0.6000000000000001,30.0,,,,,,,
0.7878787878787878,0.7878787878787878,0.5466328596356497,0.9751403331756592,"{'classifier:__choice__': 'IForestClassifier', 'data_preprocessor:__choice__': 'NoPreprocessing', 'feature_preprocessor:__choice__': 'no_preprocessing', 'classifier:IForestClassifier:bootstrap': 'False', 'classifier:IForestClassifier:contamination': 0.3, 'classifier:IForestClassifier:max_features': 1.0, 'classifier:IForestClassifier:max_samples': 0.55, 'classifier:IForestClassifier:n_estimators': 70}",72,Success,0.0,IForestClassifier,NoPreprocessing,no_preprocessing,,,,,,,False,0.3,1.0,0.55,70.0,,,,,,,
0.7132867132867133,0.7132867132867133,0.44080398944575516,0.6244246959686279,"{'classifier:__choice__': 'IForestClassifier', 'data_preprocessor:__choice__': 'NoPreprocessing', 'feature_preprocessor:__choice__': 'no_preprocessing', 'classifier:IForestClassifier:bootstrap': 'False', 'classifier:IForestClassifier:contamination': 0.4, 'classifier:IForestClassifier:max_features': 1.0, 'classifier:IForestClassifier:max_samples': 0.2, 'classifier:IForestClassifier:n_estimators': 15}",139,Success,0.0,IForestClassifier,NoPreprocessing,no_preprocessing,,,,,,,False,0.4,1.0,0.2,15.0,,,,,,,
0.7738927738927739,0.7738927738927739,0.49198888991410494,0.8958420753479004,"{'classifier:__choice__': 'IForestClassifier', 'data_preprocessor:__choice__': 'NoPreprocessing', 'feature_preprocessor:__choice__': 'no_preprocessing', 'classifier:IForestClassifier:bootstrap': 'False', 'classifier:IForestClassifier:contamination': 0.15000000000000002, 'classifier:IForestClassifier:max_features': 1.0, 'classifier:IForestClassifier:max_samples': 0.30000000000000004, 'classifier:IForestClassifier:n_estimators': 60}",97,Success,0.0,IForestClassifier,NoPreprocessing,no_preprocessing,,,,,,,False,0.15000000000000002,1.0,0.30000000000000004,60.0,,,,,,,
0.7156177156177157,0.7156177156177157,0.477880633578308,0.7782895565032959,"{'classifier:__choice__': 'IForestClassifier', 'data_preprocessor:__choice__': 'NoPreprocessing', 'feature_preprocessor:__choice__': 'no_preprocessing', 'classifier:IForestClassifier:bootstrap': 'False', 'classifier:IForestClassifier:contamination': 0.1, 'classifier:IForestClassifier:max_features': 1.0, 'classifier:IForestClassifier:max_samples': 0.30000000000000004, 'classifier:IForestClassifier:n_estimators': 40}",137,Success,0.0,IForestClassifier,NoPreprocessing,no_preprocessing,,,,,,,False,0.1,1.0,0.30000000000000004,40.0,,,,,,,
0.7599067599067599,0.7599067599067599,0.5065848926171489,0.825939416885376,"{'classifier:__choice__': 'IForestClassifier', 'data_preprocessor:__choice__': 'NoPreprocessing', 'feature_preprocessor:__choice__': 'no_preprocessing', 'classifier:IForestClassifier:bootstrap': 'False', 'classifier:IForestClassifier:contamination': 0.05, 'classifier:IForestClassifier:max_features': 1.0, 'classifier:IForestClassifier:max_samples': 0.45, 'classifier:IForestClassifier:n_estimators': 25}",111,Success,0.0,IForestClassifier,NoPreprocessing,no_preprocessing,,,,,,,False,0.05,1.0,0.45,25.0,,,,,,,
0.6317016317016317,0.6317016317016317,0.423075807764803,1.0870871543884277,"{'classifier:__choice__': 'KNNClassifier', 'data_preprocessor:__choice__': 'NoPreprocessing', 'feature_preprocessor:__choice__': 'no_preprocessing', 'classifier:KNNClassifier:contamination': 0.3, 'classifier:KNNClassifier:method': 'largest', 'classifier:KNNClassifier:n_neighbors': 179, 'classifier:KNNClassifier:p': 2}",189,Success,0.0,KNNClassifier,NoPreprocessing,no_preprocessing,,,,,,,,,,,,0.3,largest,179.0,2.0,,,
0.7482517482517482,0.7482517482517482,0.46752492372307564,1.519172191619873,"{'classifier:__choice__': 'IForestClassifier', 'data_preprocessor:__choice__': 'NoPreprocessing', 'feature_preprocessor:__choice__': 'no_preprocessing', 'classifier:IForestClassifier:bootstrap': 'False', 'classifier:IForestClassifier:contamination': 0.05, 'classifier:IForestClassifier:max_features': 1.0, 'classifier:IForestClassifier:max_samples': 0.30000000000000004, 'classifier:IForestClassifier:n_estimators': 140}",122,Success,0.0,IForestClassifier,NoPreprocessing,no_preprocessing,,,,,,,False,0.05,1.0,0.30000000000000004,140.0,,,,,,,
0.6177156177156177,0.6177156177156177,0.4192196564487587,1.0771474838256836,"{'classifier:__choice__': 'KNNClassifier', 'data_preprocessor:__choice__': 'NoPreprocessing', 'feature_preprocessor:__choice__': 'no_preprocessing', 'classifier:KNNClassifier:contamination': 0.15000000000000002, 'classifier:KNNClassifier:method': 'largest', 'classifier:KNNClassifier:n_neighbors': 161, 'classifier:KNNClassifier:p': 2}",203,Success,0.0,KNNClassifier,NoPreprocessing,no_preprocessing,,,,,,,,,,,,0.15000000000000002,largest,161.0,2.0,,,
0.7808857808857808,0.7808857808857808,0.5281568245683078,0.7783889770507812,"{'classifier:__choice__': 'COPODClassifier', 'data_preprocessor:__choice__': 'NoPreprocessing', 'feature_preprocessor:__choice__': 'no_preprocessing', 'classifier:COPODClassifier:contamination': 0.05}",81,Success,0.0,COPODClassifier,NoPreprocessing,no_preprocessing,,,,,,0.05,,,,,,,,,,,,
0.5804195804195804,0.5804195804195804,0.252187947025885,2.3310747146606445,"{'classifier:__choice__': 'CBLOFClassifier', 'data_preprocessor:__choice__': 'NoPreprocessing', 'feature_preprocessor:__choice__': 'no_preprocessing', 'classifier:CBLOFClassifier:alpha': 0.8500000000000001, 'classifier:CBLOFClassifier:beta': 18, 'classifier:CBLOFClassifier:contamination': 0.35000000000000003, 'classifier:CBLOFClassifier:n_clusters': 4, 'classifier:CBLOFClassifier:use_weights': 'False'}",219,Success,0.0,CBLOFClassifier,NoPreprocessing,no_preprocessing,0.8500000000000001,18.0,0.35000000000000003,4.0,False,,,,,,,,,,,,,
0.6177156177156177,0.6177156177156177,0.419863848137093,1.0885112285614014,"{'classifier:__choice__': 'KNNClassifier', 'data_preprocessor:__choice__': 'NoPreprocessing', 'feature_preprocessor:__choice__': 'no_preprocessing', 'classifier:KNNClassifier:contamination': 0.1, 'classifier:KNNClassifier:method': 'largest', 'classifier:KNNClassifier:n_neighbors': 137, 'classifier:KNNClassifier:p': 2}",203,Success,0.0,KNNClassifier,NoPreprocessing,no_preprocessing,,,,,,,,,,,,0.1,largest,137.0,2.0,,,
0.641025641025641,0.641025641025641,0.42847442560464344,1.136695384979248,"{'classifier:__choice__': 'KNNClassifier', 'data_preprocessor:__choice__': 'NoPreprocessing', 'feature_preprocessor:__choice__': 'no_preprocessing', 'classifier:KNNClassifier:contamination': 0.2, 'classifier:KNNClassifier:method': 'largest', 'classifier:KNNClassifier:n_neighbors': 197, 'classifier:KNNClassifier:p': 2}",183,Success,0.0,KNNClassifier,NoPreprocessing,no_preprocessing,,,,,,,,,,,,0.2,largest,197.0,2.0,,,
0.7622377622377623,0.7622377622377623,0.4990160166630755,1.3382794857025146,"{'classifier:__choice__': 'IForestClassifier', 'data_preprocessor:__choice__': 'NoPreprocessing', 'feature_preprocessor:__choice__': 'no_preprocessing', 'classifier:IForestClassifier:bootstrap': 'False', 'classifier:IForestClassifier:contamination': 0.05, 'classifier:IForestClassifier:max_features': 1.0, 'classifier:IForestClassifier:max_samples': 0.2, 'classifier:IForestClassifier:n_estimators': 135}",108,Success,0.0,IForestClassifier,NoPreprocessing,no_preprocessing,,,,,,,False,0.05,1.0,0.2,135.0,,,,,,,
0.7575757575757576,0.7575757575757576,0.5137762874578291,0.8507602214813232,"{'classifier:__choice__': 'IForestClassifier', 'data_preprocessor:__choice__': 'NoPreprocessing', 'feature_preprocessor:__choice__': 'no_preprocessing', 'classifier:IForestClassifier:bootstrap': 'False', 'classifier:IForestClassifier:contamination': 0.3, 'classifier:IForestClassifier:max_features': 1.0, 'classifier:IForestClassifier:max_samples': 0.30000000000000004, 'classifier:IForestClassifier:n_estimators': 50}",115,Success,0.0,IForestClassifier,NoPreprocessing,no_preprocessing,,,,,,,False,0.3,1.0,0.30000000000000004,50.0,,,,,,,
0.7808857808857809,0.7808857808857809,0.507577701019976,1.09946608543396,"{'classifier:__choice__': 'IForestClassifier', 'data_preprocessor:__choice__': 'NoPreprocessing', 'feature_preprocessor:__choice__': 'no_preprocessing', 'classifier:IForestClassifier:bootstrap': 'False', 'classifier:IForestClassifier:contamination': 0.2, 'classifier:IForestClassifier:max_features': 1.0, 'classifier:IForestClassifier:max_samples': 0.2, 'classifier:IForestClassifier:n_estimators': 95}",79,Success,0.0,IForestClassifier,NoPreprocessing,no_preprocessing,,,,,,,False,0.2,1.0,0.2,95.0,,,,,,,
0.4895104895104896,0.4895104895104896,0.33403467539701737,0.5728933811187744,"{'classifier:__choice__': 'IForestClassifier', 'data_preprocessor:__choice__': 'NoPreprocessing', 'feature_preprocessor:__choice__': 'no_preprocessing', 'classifier:IForestClassifier:bootstrap': 'False', 'classifier:IForestClassifier:contamination': 0.2, 'classifier:IForestClassifier:max_features': 1.0, 'classifier:IForestClassifier:max_samples': 0.6000000000000001, 'classifier:IForestClassifier:n_estimators': 5}",280,Success,0.0,IForestClassifier,NoPreprocessing,no_preprocessing,,,,,,,False,0.2,1.0,0.6000000000000001,5.0,,,,,,,
0.7762237762237761,0.7762237762237761,0.515697754004964,1.3545749187469482,"{'classifier:__choice__': 'IForestClassifier', 'data_preprocessor:__choice__': 'NoPreprocessing', 'feature_preprocessor:__choice__': 'no_preprocessing', 'classifier:IForestClassifier:bootstrap': 'False', 'classifier:IForestClassifier:contamination': 0.05, 'classifier:IForestClassifier:max_features': 1.0, 'classifier:IForestClassifier:max_samples': 0.7, 'classifier:IForestClassifier:n_estimators': 105}",95,Success,0.0,IForestClassifier,NoPreprocessing,no_preprocessing,,,,,,,False,0.05,1.0,0.7,105.0,,,,,,,
0.6689976689976691,0.6689976689976691,0.42059697178380806,0.8422319889068604,"{'classifier:__choice__': 'LOFClassifier', 'data_preprocessor:__choice__': 'NoPreprocessing', 'feature_preprocessor:__choice__': 'no_preprocessing', 'classifier:LOFClassifier:contamination': 0.1, 'classifier:LOFClassifier:n_neighbors': 103, 'classifier:LOFClassifier:p': 2}",169,Success,0.0,LOFClassifier,NoPreprocessing,no_preprocessing,,,,,,,,,,,,,,,,0.1,103.0,2.0
0.5757575757575758,0.5757575757575758,0.4037008130108998,1.0253493785858154,"{'classifier:__choice__': 'KNNClassifier', 'data_preprocessor:__choice__': 'NoPreprocessing', 'feature_preprocessor:__choice__': 'no_preprocessing', 'classifier:KNNClassifier:contamination': 0.5, 'classifier:KNNClassifier:method': 'largest', 'classifier:KNNClassifier:n_neighbors': 79, 'classifier:KNNClassifier:p': 2}",226,Success,0.0,KNNClassifier,NoPreprocessing,no_preprocessing,,,,,,,,,,,,0.5,largest,79.0,2.0,,,
0.5850815850815851,0.5850815850815851,0.40858879203027454,0.7000629901885986,"{'classifier:__choice__': 'IForestClassifier', 'data_preprocessor:__choice__': 'NoPreprocessing', 'feature_preprocessor:__choice__': 'no_preprocessing', 'classifier:IForestClassifier:bootstrap': 'False', 'classifier:IForestClassifier:contamination': 0.05, 'classifier:IForestClassifier:max_features': 1.0, 'classifier:IForestClassifier:max_samples': 0.2, 'classifier:IForestClassifier:n_estimators': 5}",216,Success,0.0,IForestClassifier,NoPreprocessing,no_preprocessing,,,,,,,False,0.05,1.0,0.2,5.0,,,,,,,
0.7948717948717948,0.7948717948717948,0.5384652411778511,1.1331844329833984,"{'classifier:__choice__': 'IForestClassifier', 'data_preprocessor:__choice__': 'NoPreprocessing', 'feature_preprocessor:__choice__': 'no_preprocessing', 'classifier:IForestClassifier:bootstrap': 'False', 'classifier:IForestClassifier:contamination': 0.05, 'classifier:IForestClassifier:max_features': 1.0, 'classifier:IForestClassifier:max_samples': 0.7, 'classifier:IForestClassifier:n_estimators': 95}",60,Success,0.0,IForestClassifier,NoPreprocessing,no_preprocessing,,,,,,,False,0.05,1.0,0.7,95.0,,,,,,,
0.3543123543123543,0.3543123543123543,0.22200894699258333,2.2201850414276123,"{'classifier:__choice__': 'CBLOFClassifier', 'data_preprocessor:__choice__': 'NoPreprocessing', 'feature_preprocessor:__choice__': 'no_preprocessing', 'classifier:CBLOFClassifier:alpha': 0.7, 'classifier:CBLOFClassifier:beta': 10, 'classifier:CBLOFClassifier:contamination': 0.4, 'classifier:CBLOFClassifier:n_clusters': 6, 'classifier:CBLOFClassifier:use_weights': 'False'}",312,Success,0.0,CBLOFClassifier,NoPreprocessing,no_preprocessing,0.7,10.0,0.4,6.0,False,,,,,,,,,,,,,
0.48484848484848486,0.48484848484848486,0.361515960388052,0.6535069942474365,"{'classifier:__choice__': 'LOFClassifier', 'data_preprocessor:__choice__': 'NoPreprocessing', 'feature_preprocessor:__choice__': 'no_preprocessing', 'classifier:LOFClassifier:contamination': 0.5, 'classifier:LOFClassifier:n_neighbors': 5, 'classifier:LOFClassifier:p': 2}",281,Success,0.0,LOFClassifier,NoPreprocessing,no_preprocessing,,,,,,,,,,,,,,,,0.5,5.0,2.0
0.7785547785547786,0.7785547785547786,0.5088552651052651,1.1433601379394531,"{'classifier:__choice__': 'IForestClassifier', 'data_preprocessor:__choice__': 'NoPreprocessing', 'feature_preprocessor:__choice__': 'no_preprocessing', 'classifier:IForestClassifier:bootstrap': 'False', 'classifier:IForestClassifier:contamination': 0.3, 'classifier:IForestClassifier:max_features': 1.0, 'classifier:IForestClassifier:max_samples': 0.2, 'classifier:IForestClassifier:n_estimators': 100}",91,Success,0.0,IForestClassifier,NoPreprocessing,no_preprocessing,,,,,,,False,0.3,1.0,0.2,100.0,,,,,,,
0.6480186480186481,0.6480186480186481,0.40771957660502556,0.7229957580566406,"{'classifier:__choice__': 'LOFClassifier', 'data_preprocessor:__choice__': 'NoPreprocessing', 'feature_preprocessor:__choice__': 'no_preprocessing', 'classifier:LOFClassifier:contamination': 0.3, 'classifier:LOFClassifier:n_neighbors': 91, 'classifier:LOFClassifier:p': 2}",177,Success,0.0,LOFClassifier,NoPreprocessing,no_preprocessing,,,,,,,,,,,,,,,,0.3,91.0,2.0
0.592074592074592,0.592074592074592,0.4101429225505753,0.9217031002044678,"{'classifier:__choice__': 'KNNClassifier', 'data_preprocessor:__choice__': 'NoPreprocessing', 'feature_preprocessor:__choice__': 'no_preprocessing', 'classifier:KNNClassifier:contamination': 0.05, 'classifier:KNNClassifier:method': 'largest', 'classifier:KNNClassifier:n_neighbors': 112, 'classifier:KNNClassifier:p': 2}",213,Success,0.0,KNNClassifier,NoPreprocessing,no_preprocessing,,,,,,,,,,,,0.05,largest,112.0,2.0,,,
0.7738927738927739,0.7738927738927739,0.5265777061812867,1.1638288497924805,"{'classifier:__choice__': 'IForestClassifier', 'data_preprocessor:__choice__': 'NoPreprocessing', 'feature_preprocessor:__choice__': 'no_preprocessing', 'classifier:IForestClassifier:bootstrap': 'False', 'classifier:IForestClassifier:contamination': 0.05, 'classifier:IForestClassifier:max_features': 1.0, 'classifier:IForestClassifier:max_samples': 0.55, 'classifier:IForestClassifier:n_estimators': 95}",97,Success,0.0,IForestClassifier,NoPreprocessing,no_preprocessing,,,,,,,False,0.05,1.0,0.55,95.0,,,,,,,
0.7995337995337995,0.7995337995337995,0.545013110646103,1.5496532917022705,"{'classifier:__choice__': 'IForestClassifier', 'data_preprocessor:__choice__': 'NoPreprocessing', 'feature_preprocessor:__choice__': 'no_preprocessing', 'classifier:IForestClassifier:bootstrap': 'False', 'classifier:IForestClassifier:contamination': 0.45, 'classifier:IForestClassifier:max_features': 1.0, 'classifier:IForestClassifier:max_samples': 0.8500000000000001, 'classifier:IForestClassifier:n_estimators': 160}",57,Success,0.0,IForestClassifier,NoPreprocessing,no_preprocessing,,,,,,,False,0.45,1.0,0.8500000000000001,160.0,,,,,,,
0.578088578088578,0.578088578088578,0.40427801358810034,0.9000623226165771,"{'classifier:__choice__': 'KNNClassifier', 'data_preprocessor:__choice__': 'NoPreprocessing', 'feature_preprocessor:__choice__': 'no_preprocessing', 'classifier:KNNClassifier:contamination': 0.2, 'classifier:KNNClassifier:method': 'largest', 'classifier:KNNClassifier:n_neighbors': 85, 'classifier:KNNClassifier:p': 2}",224,Success,0.0,KNNClassifier,NoPreprocessing,no_preprocessing,,,,,,,,,,,,0.2,largest,85.0,2.0,,,
0.7552447552447553,0.7552447552447553,0.5152909366619044,1.7561681270599365,"{'classifier:__choice__': 'IForestClassifier', 'data_preprocessor:__choice__': 'NoPreprocessing', 'feature_preprocessor:__choice__': 'no_preprocessing', 'classifier:IForestClassifier:bootstrap': 'False', 'classifier:IForestClassifier:contamination': 0.35000000000000003, 'classifier:IForestClassifier:max_features': 1.0, 'classifier:IForestClassifier:max_samples': 0.8, 'classifier:IForestClassifier:n_estimators': 170}",116,Success,0.0,IForestClassifier,NoPreprocessing,no_preprocessing,,,,,,,False,0.35000000000000003,1.0,0.8,170.0,,,,,,,
0.7762237762237763,0.7762237762237763,0.5385530914332916,1.0601682662963867,"{'classifier:__choice__': 'IForestClassifier', 'data_preprocessor:__choice__': 'NoPreprocessing', 'feature_preprocessor:__choice__': 'no_preprocessing', 'classifier:IForestClassifier:bootstrap': 'False', 'classifier:IForestClassifier:contamination': 0.45, 'classifier:IForestClassifier:max_features': 1.0, 'classifier:IForestClassifier:max_samples': 0.55, 'classifier:IForestClassifier:n_estimators': 65}",93,Success,0.0,IForestClassifier,NoPreprocessing,no_preprocessing,,,,,,,False,0.45,1.0,0.55,65.0,,,,,,,
0.4125874125874126,0.4125874125874126,0.20043346837891607,2.2829277515411377,"{'classifier:__choice__': 'CBLOFClassifier', 'data_preprocessor:__choice__': 'NoPreprocessing', 'feature_preprocessor:__choice__': 'no_preprocessing', 'classifier:CBLOFClassifier:alpha': 0.5, 'classifier:CBLOFClassifier:beta': 14, 'classifier:CBLOFClassifier:contamination': 0.4, 'classifier:CBLOFClassifier:n_clusters': 4, 'classifier:CBLOFClassifier:use_weights': 'False'}",298,Success,0.0,CBLOFClassifier,NoPreprocessing,no_preprocessing,0.5,14.0,0.4,4.0,False,,,,,,,,,,,,,
0.7808857808857808,0.7808857808857808,0.5281568245683078,0.773784875869751,"{'classifier:__choice__': 'COPODClassifier', 'data_preprocessor:__choice__': 'NoPreprocessing', 'feature_preprocessor:__choice__': 'no_preprocessing', 'classifier:COPODClassifier:contamination': 0.4}",81,Success,0.0,COPODClassifier,NoPreprocessing,no_preprocessing,,,,,,0.4,,,,,,,,,,,,
0.43356643356643354,0.43356643356643354,0.37112276485314133,0.5662128925323486,"{'classifier:__choice__': 'IForestClassifier', 'data_preprocessor:__choice__': 'NoPreprocessing', 'feature_preprocessor:__choice__': 'no_preprocessing', 'classifier:IForestClassifier:bootstrap': 'False', 'classifier:IForestClassifier:contamination': 0.05, 'classifier:IForestClassifier:max_features': 1.0, 'classifier:IForestClassifier:max_samples': 0.5, 'classifier:IForestClassifier:n_estimators': 5}",292,Success,0.0,IForestClassifier,NoPreprocessing,no_preprocessing,,,,,,,False,0.05,1.0,0.5,5.0,,,,,,,
0.7878787878787878,0.7878787878787878,0.5246328243018119,1.5781574249267578,"{'classifier:__choice__': 'IForestClassifier', 'data_preprocessor:__choice__': 'NoPreprocessing', 'feature_preprocessor:__choice__': 'no_preprocessing', 'classifier:IForestClassifier:bootstrap': 'False', 'classifier:IForestClassifier:contamination': 0.05, 'classifier:IForestClassifier:max_features': 1.0, 'classifier:IForestClassifier:max_samples': 0.5, 'classifier:IForestClassifier:n_estimators': 170}",72,Success,0.0,IForestClassifier,NoPreprocessing,no_preprocessing,,,,,,,False,0.05,1.0,0.5,170.0,,,,,,,
0.3543123543123543,0.3543123543123543,0.22200894699258333,2.208077907562256,"{'classifier:__choice__': 'CBLOFClassifier', 'data_preprocessor:__choice__': 'NoPreprocessing', 'feature_preprocessor:__choice__': 'no_preprocessing', 'classifier:CBLOFClassifier:alpha': 0.5, 'classifier:CBLOFClassifier:beta': 18, 'classifier:CBLOFClassifier:contamination': 0.3, 'classifier:CBLOFClassifier:n_clusters': 6, 'classifier:CBLOFClassifier:use_weights': 'False'}",312,Success,0.0,CBLOFClassifier,NoPreprocessing,no_preprocessing,0.5,18.0,0.3,6.0,False,,,,,,,,,,,,,
0.4988344988344988,0.4988344988344988,0.2717279222379001,0.6752204895019531,"{'classifier:__choice__': 'LOFClassifier', 'data_preprocessor:__choice__': 'NoPreprocessing', 'feature_preprocessor:__choice__': 'no_preprocessing', 'classifier:LOFClassifier:contamination': 0.05, 'classifier:LOFClassifier:n_neighbors': 21, 'classifier:LOFClassifier:p': 2}",272,Success,0.0,LOFClassifier,NoPreprocessing,no_preprocessing,,,,,,,,,,,,,,,,0.05,21.0,2.0
0.7645687645687647,0.7645687645687647,0.481948542968363,1.1083741188049316,"{'classifier:__choice__': 'IForestClassifier', 'data_preprocessor:__choice__': 'NoPreprocessing', 'feature_preprocessor:__choice__': 'no_preprocessing', 'classifier:IForestClassifier:bootstrap': 'False', 'classifier:IForestClassifier:contamination': 0.4, 'classifier:IForestClassifier:max_features': 1.0, 'classifier:IForestClassifier:max_samples': 0.30000000000000004, 'classifier:IForestClassifier:n_estimators': 95}",104,Success,0.0,IForestClassifier,NoPreprocessing,no_preprocessing,,,,,,,False,0.4,1.0,0.30000000000000004,95.0,,,,,,,
0.8321678321678322,0.8321678321678322,0.5649186969513649,1.5540969371795654,"{'classifier:__choice__': 'IForestClassifier', 'data_preprocessor:__choice__': 'NoPreprocessing', 'feature_preprocessor:__choice__': 'no_preprocessing', 'classifier:IForestClassifier:bootstrap': 'False', 'classifier:IForestClassifier:contamination': 0.15000000000000002, 'classifier:IForestClassifier:max_features': 1.0, 'classifier:IForestClassifier:max_samples': 0.45, 'classifier:IForestClassifier:n_estimators': 165}",1,Success,0.0,IForestClassifier,NoPreprocessing,no_preprocessing,,,,,,,False,0.15000000000000002,1.0,0.45,165.0,,,,,,,
0.7645687645687645,0.7645687645687645,0.500016255154595,1.0474042892456055,"{'classifier:__choice__': 'IForestClassifier', 'data_preprocessor:__choice__': 'NoPreprocessing', 'feature_preprocessor:__choice__': 'no_preprocessing', 'classifier:IForestClassifier:bootstrap': 'False', 'classifier:IForestClassifier:contamination': 0.15000000000000002, 'classifier:IForestClassifier:max_features': 1.0, 'classifier:IForestClassifier:max_samples': 0.5, 'classifier:IForestClassifier:n_estimators': 60}",106,Success,0.0,IForestClassifier,NoPreprocessing,no_preprocessing,,,,,,,False,0.15000000000000002,1.0,0.5,60.0,,,,,,,
0.7972027972027972,0.7972027972027972,0.5440005904120737,1.6416621208190918,"{'classifier:__choice__': 'IForestClassifier', 'data_preprocessor:__choice__': 'NoPreprocessing', 'feature_preprocessor:__choice__': 'no_preprocessing', 'classifier:IForestClassifier:bootstrap': 'False', 'classifier:IForestClassifier:contamination': 0.05, 'classifier:IForestClassifier:max_features': 1.0, 'classifier:IForestClassifier:max_samples': 0.55, 'classifier:IForestClassifier:n_estimators': 155}",59,Success,0.0,IForestClassifier,NoPreprocessing,no_preprocessing,,,,,,,False,0.05,1.0,0.55,155.0,,,,,,,
0.7365967365967366,0.7365967365967366,0.4951195452515367,1.622774362564087,"{'classifier:__choice__': 'IForestClassifier', 'data_preprocessor:__choice__': 'NoPreprocessing', 'feature_preprocessor:__choice__': 'no_preprocessing', 'classifier:IForestClassifier:bootstrap': 'False', 'classifier:IForestClassifier:contamination': 0.05, 'classifier:IForestClassifier:max_features': 1.0, 'classifier:IForestClassifier:max_samples': 0.35000000000000003, 'classifier:IForestClassifier:n_estimators': 155}",133,Success,0.0,IForestClassifier,NoPreprocessing,no_preprocessing,,,,,,,False,0.05,1.0,0.35000000000000003,155.0,,,,,,,
0.8251748251748251,0.8251748251748251,0.5587980646804176,1.5319349765777588,"{'classifier:__choice__': 'IForestClassifier', 'data_preprocessor:__choice__': 'NoPreprocessing', 'feature_preprocessor:__choice__': 'no_preprocessing', 'classifier:IForestClassifier:bootstrap': 'False', 'classifier:IForestClassifier:contamination': 0.05, 'classifier:IForestClassifier:max_features': 1.0, 'classifier:IForestClassifier:max_samples': 0.45, 'classifier:IForestClassifier:n_estimators': 160}",23,Success,0.0,IForestClassifier,NoPreprocessing,no_preprocessing,,,,,,,False,0.05,1.0,0.45,160.0,,,,,,,
0.7995337995337997,0.7995337995337997,0.5516310136077714,1.545456886291504,"{'classifier:__choice__': 'IForestClassifier', 'data_preprocessor:__choice__': 'NoPreprocessing', 'feature_preprocessor:__choice__': 'no_preprocessing', 'classifier:IForestClassifier:bootstrap': 'False', 'classifier:IForestClassifier:contamination': 0.1, 'classifier:IForestClassifier:max_features': 1.0, 'classifier:IForestClassifier:max_samples': 0.7, 'classifier:IForestClassifier:n_estimators': 160}",56,Success,0.0,IForestClassifier,NoPreprocessing,no_preprocessing,,,,,,,False,0.1,1.0,0.7,160.0,,,,,,,
0.7948717948717948,0.7948717948717948,0.5221594955271857,1.6713764667510986,"{'classifier:__choice__': 'IForestClassifier', 'data_preprocessor:__choice__': 'NoPreprocessing', 'feature_preprocessor:__choice__': 'no_preprocessing', 'classifier:IForestClassifier:bootstrap': 'False', 'classifier:IForestClassifier:contamination': 0.05, 'classifier:IForestClassifier:max_features': 1.0, 'classifier:IForestClassifier:max_samples': 0.4, 'classifier:IForestClassifier:n_estimators': 180}",60,Success,0.0,IForestClassifier,NoPreprocessing,no_preprocessing,,,,,,,False,0.05,1.0,0.4,180.0,,,,,,,
0.7738927738927739,0.7738927738927739,0.5071140307033646,1.5145094394683838,"{'classifier:__choice__': 'IForestClassifier', 'data_preprocessor:__choice__': 'NoPreprocessing', 'feature_preprocessor:__choice__': 'no_preprocessing', 'classifier:IForestClassifier:bootstrap': 'False', 'classifier:IForestClassifier:contamination': 0.1, 'classifier:IForestClassifier:max_features': 1.0, 'classifier:IForestClassifier:max_samples': 0.2, 'classifier:IForestClassifier:n_estimators': 160}",97,Success,0.0,IForestClassifier,NoPreprocessing,no_preprocessing,,,,,,,False,0.1,1.0,0.2,160.0,,,,,,,
0.7622377622377623,0.7622377622377623,0.5098148312236456,1.6962175369262695,"{'classifier:__choice__': 'IForestClassifier', 'data_preprocessor:__choice__': 'NoPreprocessing', 'feature_preprocessor:__choice__': 'no_preprocessing', 'classifier:IForestClassifier:bootstrap': 'False', 'classifier:IForestClassifier:contamination': 0.1, 'classifier:IForestClassifier:max_features': 1.0, 'classifier:IForestClassifier:max_samples': 0.35000000000000003, 'classifier:IForestClassifier:n_estimators': 165}",108,Success,0.0,IForestClassifier,NoPreprocessing,no_preprocessing,,,,,,,False,0.1,1.0,0.35000000000000003,165.0,,,,,,,
0.0,,,0.6601700782775879,"{'classifier:__choice__': 'CBLOFClassifier', 'data_preprocessor:__choice__': 'NoPreprocessing', 'feature_preprocessor:__choice__': 'no_preprocessing', 'classifier:CBLOFClassifier:alpha': 1.0, 'classifier:CBLOFClassifier:beta': 12, 'classifier:CBLOFClassifier:contamination': 0.1, 'classifier:CBLOFClassifier:n_clusters': 10, 'classifier:CBLOFClassifier:use_weights': 'False'}",324,Crash,0.0,CBLOFClassifier,NoPreprocessing,no_preprocessing,1.0,12.0,0.1,10.0,False,,,,,,,,,,,,,
0.7925407925407926,0.7925407925407926,0.5324535934734135,1.695570707321167,"{'classifier:__choice__': 'IForestClassifier', 'data_preprocessor:__choice__': 'NoPreprocessing', 'feature_preprocessor:__choice__': 'no_preprocessing', 'classifier:IForestClassifier:bootstrap': 'False', 'classifier:IForestClassifier:contamination': 0.1, 'classifier:IForestClassifier:max_features': 1.0, 'classifier:IForestClassifier:max_samples': 0.4, 'classifier:IForestClassifier:n_estimators': 165}",62,Success,0.0,IForestClassifier,NoPreprocessing,no_preprocessing,,,,,,,False,0.1,1.0,0.4,165.0,,,,,,,
0.7902097902097902,0.7902097902097902,0.5386628432664239,1.5488603115081787,"{'classifier:__choice__': 'IForestClassifier', 'data_preprocessor:__choice__': 'NoPreprocessing', 'feature_preprocessor:__choice__': 'no_preprocessing', 'classifier:IForestClassifier:bootstrap': 'False', 'classifier:IForestClassifier:contamination': 0.05, 'classifier:IForestClassifier:max_features': 1.0, 'classifier:IForestClassifier:max_samples': 0.55, 'classifier:IForestClassifier:n_estimators': 165}",66,Success,0.0,IForestClassifier,NoPreprocessing,no_preprocessing,,,,,,,False,0.05,1.0,0.55,165.0,,,,,,,
0.745920745920746,0.745920745920746,0.47765959530665414,0.9993362426757812,"{'classifier:__choice__': 'IForestClassifier', 'data_preprocessor:__choice__': 'NoPreprocessing', 'feature_preprocessor:__choice__': 'no_preprocessing', 'classifier:IForestClassifier:bootstrap': 'False', 'classifier:IForestClassifier:contamination': 0.5, 'classifier:IForestClassifier:max_features': 1.0, 'classifier:IForestClassifier:max_samples': 0.8, 'classifier:IForestClassifier:n_estimators': 70}",125,Success,0.0,IForestClassifier,NoPreprocessing,no_preprocessing,,,,,,,False,0.5,1.0,0.8,70.0,,,,,,,
0.5407925407925408,0.5407925407925408,0.39005079500472173,0.8659486770629883,"{'classifier:__choice__': 'KNNClassifier', 'data_preprocessor:__choice__': 'NoPreprocessing', 'feature_preprocessor:__choice__': 'no_preprocessing', 'classifier:KNNClassifier:contamination': 0.35000000000000003, 'classifier:KNNClassifier:method': 'largest', 'classifier:KNNClassifier:n_neighbors': 59, 'classifier:KNNClassifier:p': 2}",238,Success,0.0,KNNClassifier,NoPreprocessing,no_preprocessing,,,,,,,,,,,,0.35000000000000003,largest,59.0,2.0,,,
0.6596736596736597,0.6596736596736597,0.4237461645841758,2.292050361633301,"{'classifier:__choice__': 'CBLOFClassifier', 'data_preprocessor:__choice__': 'NoPreprocessing', 'feature_preprocessor:__choice__': 'no_preprocessing', 'classifier:CBLOFClassifier:alpha': 0.65, 'classifier:CBLOFClassifier:beta': 8, 'classifier:CBLOFClassifier:contamination': 0.15000000000000002, 'classifier:CBLOFClassifier:n_clusters': 14, 'classifier:CBLOFClassifier:use_weights': 'False'}",173,Success,0.0,CBLOFClassifier,NoPreprocessing,no_preprocessing,0.65,8.0,0.15000000000000002,14.0,False,,,,,,,,,,,,,
0.8251748251748251,0.8251748251748251,0.5587980646804176,1.5147535800933838,"{'classifier:__choice__': 'IForestClassifier', 'data_preprocessor:__choice__': 'NoPreprocessing', 'feature_preprocessor:__choice__': 'no_preprocessing', 'classifier:IForestClassifier:bootstrap': 'False', 'classifier:IForestClassifier:contamination': 0.1, 'classifier:IForestClassifier:max_features': 1.0, 'classifier:IForestClassifier:max_samples': 0.45, 'classifier:IForestClassifier:n_estimators': 160}",23,Success,0.0,IForestClassifier,NoPreprocessing,no_preprocessing,,,,,,,False,0.1,1.0,0.45,160.0,,,,,,,
0.8275058275058275,0.8275058275058275,0.5614718614718615,1.6308293342590332,"{'classifier:__choice__': 'IForestClassifier', 'data_preprocessor:__choice__': 'NoPreprocessing', 'feature_preprocessor:__choice__': 'no_preprocessing', 'classifier:IForestClassifier:bootstrap': 'False', 'classifier:IForestClassifier:contamination': 0.1, 'classifier:IForestClassifier:max_features': 1.0, 'classifier:IForestClassifier:max_samples': 0.45, 'classifier:IForestClassifier:n_estimators': 155}",11,Success,0.0,IForestClassifier,NoPreprocessing,no_preprocessing,,,,,,,False,0.1,1.0,0.45,155.0,,,,,,,
0.6247086247086246,0.6247086247086246,0.4214539536830558,1.0940601825714111,"{'classifier:__choice__': 'KNNClassifier', 'data_preprocessor:__choice__': 'NoPreprocessing', 'feature_preprocessor:__choice__': 'no_preprocessing', 'classifier:KNNClassifier:contamination': 0.05, 'classifier:KNNClassifier:method': 'largest', 'classifier:KNNClassifier:n_neighbors': 150, 'classifier:KNNClassifier:p': 2}",195,Success,0.0,KNNClassifier,NoPreprocessing,no_preprocessing,,,,,,,,,,,,0.05,largest,150.0,2.0,,,
0.5128205128205128,0.5128205128205128,0.2847259694931914,0.8021166324615479,"{'classifier:__choice__': 'LOFClassifier', 'data_preprocessor:__choice__': 'NoPreprocessing', 'feature_preprocessor:__choice__': 'no_preprocessing', 'classifier:LOFClassifier:contamination': 0.1, 'classifier:LOFClassifier:n_neighbors': 22, 'classifier:LOFClassifier:p': 2}",262,Success,0.0,LOFClassifier,NoPreprocessing,no_preprocessing,,,,,,,,,,,,,,,,0.1,22.0,2.0
0.8228438228438227,0.8228438228438227,0.5533669662470403,1.7866299152374268,"{'classifier:__choice__': 'IForestClassifier', 'data_preprocessor:__choice__': 'NoPreprocessing', 'feature_preprocessor:__choice__': 'no_preprocessing', 'classifier:IForestClassifier:bootstrap': 'False', 'classifier:IForestClassifier:contamination': 0.05, 'classifier:IForestClassifier:max_features': 1.0, 'classifier:IForestClassifier:max_samples': 0.45, 'classifier:IForestClassifier:n_estimators': 170}",36,Success,0.0,IForestClassifier,NoPreprocessing,no_preprocessing,,,,,,,False,0.05,1.0,0.45,170.0,,,,,,,
0.3543123543123543,0.3543123543123543,0.22200894699258333,2.320254325866699,"{'classifier:__choice__': 'CBLOFClassifier', 'data_preprocessor:__choice__': 'NoPreprocessing', 'feature_preprocessor:__choice__': 'no_preprocessing', 'classifier:CBLOFClassifier:alpha': 0.75, 'classifier:CBLOFClassifier:beta': 12, 'classifier:CBLOFClassifier:contamination': 0.05, 'classifier:CBLOFClassifier:n_clusters': 6, 'classifier:CBLOFClassifier:use_weights': 'False'}",312,Success,0.0,CBLOFClassifier,NoPreprocessing,no_preprocessing,0.75,12.0,0.05,6.0,False,,,,,,,,,,,,,
0.627039627039627,0.627039627039627,0.42181183109975684,0.936413049697876,"{'classifier:__choice__': 'KNNClassifier', 'data_preprocessor:__choice__': 'NoPreprocessing', 'feature_preprocessor:__choice__': 'no_preprocessing', 'classifier:KNNClassifier:contamination': 0.5, 'classifier:KNNClassifier:method': 'largest', 'classifier:KNNClassifier:n_neighbors': 164, 'classifier:KNNClassifier:p': 2}",193,Success,0.0,KNNClassifier,NoPreprocessing,no_preprocessing,,,,,,,,,,,,0.5,largest,164.0,2.0,,,
0.710955710955711,0.710955710955711,0.46770090423341193,0.7258374691009521,"{'classifier:__choice__': 'LOFClassifier', 'data_preprocessor:__choice__': 'NoPreprocessing', 'feature_preprocessor:__choice__': 'no_preprocessing', 'classifier:LOFClassifier:contamination': 0.05, 'classifier:LOFClassifier:n_neighbors': 184, 'classifier:LOFClassifier:p': 2}",144,Success,0.0,LOFClassifier,NoPreprocessing,no_preprocessing,,,,,,,,,,,,,,,,0.05,184.0,2.0
0.6433566433566433,0.6433566433566433,0.4296621264913948,0.7260935306549072,"{'classifier:__choice__': 'IForestClassifier', 'data_preprocessor:__choice__': 'NoPreprocessing', 'feature_preprocessor:__choice__': 'no_preprocessing', 'classifier:IForestClassifier:bootstrap': 'False', 'classifier:IForestClassifier:contamination': 0.15000000000000002, 'classifier:IForestClassifier:max_features': 1.0, 'classifier:IForestClassifier:max_samples': 0.65, 'classifier:IForestClassifier:n_estimators': 30}",181,Success,0.0,IForestClassifier,NoPreprocessing,no_preprocessing,,,,,,,False,0.15000000000000002,1.0,0.65,30.0,,,,,,,
0.7902097902097902,0.7902097902097902,0.5295357304034206,1.5759687423706055,"{'classifier:__choice__': 'IForestClassifier', 'data_preprocessor:__choice__': 'NoPreprocessing', 'feature_preprocessor:__choice__': 'no_preprocessing', 'classifier:IForestClassifier:bootstrap': 'False', 'classifier:IForestClassifier:contamination': 0.1, 'classifier:IForestClassifier:max_features': 1.0, 'classifier:IForestClassifier:max_samples': 0.4, 'classifier:IForestClassifier:n_estimators': 160}",66,Success,0.0,IForestClassifier,NoPreprocessing,no_preprocessing,,,,,,,False,0.1,1.0,0.4,160.0,,,,,,,
0.5710955710955711,0.5710955710955711,0.4026011026088637,0.8793621063232422,"{'classifier:__choice__': 'KNNClassifier', 'data_preprocessor:__choice__': 'NoPreprocessing', 'feature_preprocessor:__choice__': 'no_preprocessing', 'classifier:KNNClassifier:contamination': 0.15000000000000002, 'classifier:KNNClassifier:method': 'largest', 'classifier:KNNClassifier:n_neighbors': 78, 'classifier:KNNClassifier:p': 2}",230,Success,0.0,KNNClassifier,NoPreprocessing,no_preprocessing,,,,,,,,,,,,0.15000000000000002,largest,78.0,2.0,,,
0.6130536130536131,0.6130536130536131,0.41807010424657487,0.9174175262451172,"{'classifier:__choice__': 'KNNClassifier', 'data_preprocessor:__choice__': 'NoPreprocessing', 'feature_preprocessor:__choice__': 'no_preprocessing', 'classifier:KNNClassifier:contamination': 0.45, 'classifier:KNNClassifier:method': 'largest', 'classifier:KNNClassifier:n_neighbors': 128, 'classifier:KNNClassifier:p': 2}",206,Success,0.0,KNNClassifier,NoPreprocessing,no_preprocessing,,,,,,,,,,,,0.45,largest,128.0,2.0,,,
0.5128205128205128,0.5128205128205128,0.27889340160730536,0.7070646286010742,"{'classifier:__choice__': 'LOFClassifier', 'data_preprocessor:__choice__': 'NoPreprocessing', 'feature_preprocessor:__choice__': 'no_preprocessing', 'classifier:LOFClassifier:contamination': 0.5, 'classifier:LOFClassifier:n_neighbors': 27, 'classifier:LOFClassifier:p': 2}",262,Success,0.0,LOFClassifier,NoPreprocessing,no_preprocessing,,,,,,,,,,,,,,,,0.5,27.0,2.0
0.7762237762237763,0.7762237762237763,0.49000512679094155,0.919701099395752,"{'classifier:__choice__': 'IForestClassifier', 'data_preprocessor:__choice__': 'NoPreprocessing', 'feature_preprocessor:__choice__': 'no_preprocessing', 'classifier:IForestClassifier:bootstrap': 'False', 'classifier:IForestClassifier:contamination': 0.4, 'classifier:IForestClassifier:max_features': 1.0, 'classifier:IForestClassifier:max_samples': 0.4, 'classifier:IForestClassifier:n_estimators': 60}",93,Success,0.0,IForestClassifier,NoPreprocessing,no_preprocessing,,,,,,,False,0.4,1.0,0.4,60.0,,,,,,,
0.5361305361305361,0.5361305361305361,0.28869506751455876,0.6735687255859375,"{'classifier:__choice__': 'LOFClassifier', 'data_preprocessor:__choice__': 'NoPreprocessing', 'feature_preprocessor:__choice__': 'no_preprocessing', 'classifier:LOFClassifier:contamination': 0.25, 'classifier:LOFClassifier:n_neighbors': 37, 'classifier:LOFClassifier:p': 2}",241,Success,0.0,LOFClassifier,NoPreprocessing,no_preprocessing,,,,,,,,,,,,,,,,0.25,37.0,2.0
0.6013986013986014,0.6013986013986014,0.35237157001979136,2.4817888736724854,"{'classifier:__choice__': 'CBLOFClassifier', 'data_preprocessor:__choice__': 'NoPreprocessing', 'feature_preprocessor:__choice__': 'no_preprocessing', 'classifier:CBLOFClassifier:alpha': 0.95, 'classifier:CBLOFClassifier:beta': 16, 'classifier:CBLOFClassifier:contamination': 0.5, 'classifier:CBLOFClassifier:n_clusters': 14, 'classifier:CBLOFClassifier:use_weights': 'False'}",208,Success,0.0,CBLOFClassifier,NoPreprocessing,no_preprocessing,0.95,16.0,0.5,14.0,False,,,,,,,,,,,,,
0.8275058275058275,0.8275058275058275,0.5614718614718615,1.620823621749878,"{'classifier:__choice__': 'IForestClassifier', 'data_preprocessor:__choice__': 'NoPreprocessing', 'feature_preprocessor:__choice__': 'no_preprocessing', 'classifier:IForestClassifier:bootstrap': 'False', 'classifier:IForestClassifier:contamination': 0.05, 'classifier:IForestClassifier:max_features': 1.0, 'classifier:IForestClassifier:max_samples': 0.45, 'classifier:IForestClassifier:n_estimators': 155}",11,Success,0.0,IForestClassifier,NoPreprocessing,no_preprocessing,,,,,,,False,0.05,1.0,0.45,155.0,,,,,,,
0.7459207459207459,0.7459207459207459,0.5008634449616854,1.2765300273895264,"{'classifier:__choice__': 'IForestClassifier', 'data_preprocessor:__choice__': 'NoPreprocessing', 'feature_preprocessor:__choice__': 'no_preprocessing', 'classifier:IForestClassifier:bootstrap': 'False', 'classifier:IForestClassifier:contamination': 0.5, 'classifier:IForestClassifier:max_features': 1.0, 'classifier:IForestClassifier:max_samples': 0.8, 'classifier:IForestClassifier:n_estimators': 95}",126,Success,0.0,IForestClassifier,NoPreprocessing,no_preprocessing,,,,,,,False,0.5,1.0,0.8,95.0,,,,,,,
0.7039627039627039,0.7039627039627039,0.4458746838425982,0.8577005863189697,"{'classifier:__choice__': 'LOFClassifier', 'data_preprocessor:__choice__': 'NoPreprocessing', 'feature_preprocessor:__choice__': 'no_preprocessing', 'classifier:LOFClassifier:contamination': 0.45, 'classifier:LOFClassifier:n_neighbors': 151, 'classifier:LOFClassifier:p': 2}",157,Success,0.0,LOFClassifier,NoPreprocessing,no_preprocessing,,,,,,,,,,,,,,,,0.45,151.0,2.0
0.6433566433566433,0.6433566433566433,0.40617281269455185,0.8117804527282715,"{'classifier:__choice__': 'LOFClassifier', 'data_preprocessor:__choice__': 'NoPreprocessing', 'feature_preprocessor:__choice__': 'no_preprocessing', 'classifier:LOFClassifier:contamination': 0.05, 'classifier:LOFClassifier:n_neighbors': 87, 'classifier:LOFClassifier:p': 2}",181,Success,0.0,LOFClassifier,NoPreprocessing,no_preprocessing,,,,,,,,,,,,,,,,0.05,87.0,2.0
0.0,,,0.6537435054779053,"{'classifier:__choice__': 'CBLOFClassifier', 'data_preprocessor:__choice__': 'NoPreprocessing', 'feature_preprocessor:__choice__': 'no_preprocessing', 'classifier:CBLOFClassifier:alpha': 1.0, 'classifier:CBLOFClassifier:beta': 4, 'classifier:CBLOFClassifier:contamination': 0.35000000000000003, 'classifier:CBLOFClassifier:n_clusters': 8, 'classifier:CBLOFClassifier:use_weights': 'False'}",324,Crash,0.0,CBLOFClassifier,NoPreprocessing,no_preprocessing,1.0,4.0,0.35000000000000003,8.0,False,,,,,,,,,,,,,
0.6317016317016317,0.6317016317016317,0.394872160569835,0.8297688961029053,"{'classifier:__choice__': 'LOFClassifier', 'data_preprocessor:__choice__': 'NoPreprocessing', 'feature_preprocessor:__choice__': 'no_preprocessing', 'classifier:LOFClassifier:contamination': 0.35000000000000003, 'classifier:LOFClassifier:n_neighbors': 74, 'classifier:LOFClassifier:p': 2}",189,Success,0.0,LOFClassifier,NoPreprocessing,no_preprocessing,,,,,,,,,,,,,,,,0.35000000000000003,74.0,2.0
0.8251748251748251,0.8251748251748251,0.5587980646804176,1.5731184482574463,"{'classifier:__choice__': 'IForestClassifier', 'data_preprocessor:__choice__': 'NoPreprocessing', 'feature_preprocessor:__choice__': 'no_preprocessing', 'classifier:IForestClassifier:bootstrap': 'False', 'classifier:IForestClassifier:contamination': 0.15000000000000002, 'classifier:IForestClassifier:max_features': 1.0, 'classifier:IForestClassifier:max_samples': 0.45, 'classifier:IForestClassifier:n_estimators': 160}",23,Success,0.0,IForestClassifier,NoPreprocessing,no_preprocessing,,,,,,,False,0.15000000000000002,1.0,0.45,160.0,,,,,,,
0.7062937062937062,0.7062937062937062,0.4479543035692768,0.7121906280517578,"{'classifier:__choice__': 'LOFClassifier', 'data_preprocessor:__choice__': 'NoPreprocessing', 'feature_preprocessor:__choice__': 'no_preprocessing', 'classifier:LOFClassifier:contamination': 0.45, 'classifier:LOFClassifier:n_neighbors': 146, 'classifier:LOFClassifier:p': 2}",152,Success,0.0,LOFClassifier,NoPreprocessing,no_preprocessing,,,,,,,,,,,,,,,,0.45,146.0,2.0
0.5081585081585082,0.5081585081585082,0.2765679307937654,0.6564874649047852,"{'classifier:__choice__': 'LOFClassifier', 'data_preprocessor:__choice__': 'NoPreprocessing', 'feature_preprocessor:__choice__': 'no_preprocessing', 'classifier:LOFClassifier:contamination': 0.5, 'classifier:LOFClassifier:n_neighbors': 28, 'classifier:LOFClassifier:p': 2}",265,Success,0.0,LOFClassifier,NoPreprocessing,no_preprocessing,,,,,,,,,,,,,,,,0.5,28.0,2.0
0.5407925407925408,0.5407925407925408,0.3912347182816682,0.8606841564178467,"{'classifier:__choice__': 'KNNClassifier', 'data_preprocessor:__choice__': 'NoPreprocessing', 'feature_preprocessor:__choice__': 'no_preprocessing', 'classifier:KNNClassifier:contamination': 0.1, 'classifier:KNNClassifier:method': 'largest', 'classifier:KNNClassifier:n_neighbors': 62, 'classifier:KNNClassifier:p': 2}",238,Success,0.0,KNNClassifier,NoPreprocessing,no_preprocessing,,,,,,,,,,,,0.1,largest,62.0,2.0,,,
0.8251748251748251,0.8251748251748251,0.5587980646804176,1.5525624752044678,"{'classifier:__choice__': 'IForestClassifier', 'data_preprocessor:__choice__': 'NoPreprocessing', 'feature_preprocessor:__choice__': 'no_preprocessing', 'classifier:IForestClassifier:bootstrap': 'False', 'classifier:IForestClassifier:contamination': 0.45, 'classifier:IForestClassifier:max_features': 1.0, 'classifier:IForestClassifier:max_samples': 0.45, 'classifier:IForestClassifier:n_estimators': 160}",23,Success,0.0,IForestClassifier,NoPreprocessing,no_preprocessing,,,,,,,False,0.45,1.0,0.45,160.0,,,,,,,
0.6013986013986014,0.6013986013986014,0.35237157001979136,2.305281639099121,"{'classifier:__choice__': 'CBLOFClassifier', 'data_preprocessor:__choice__': 'NoPreprocessing', 'feature_preprocessor:__choice__': 'no_preprocessing', 'classifier:CBLOFClassifier:alpha': 0.95, 'classifier:CBLOFClassifier:beta': 10, 'classifier:CBLOFClassifier:contamination': 0.2, 'classifier:CBLOFClassifier:n_clusters': 14, 'classifier:CBLOFClassifier:use_weights': 'False'}",208,Success,0.0,CBLOFClassifier,NoPreprocessing,no_preprocessing,0.95,10.0,0.2,14.0,False,,,,,,,,,,,,,
0.710955710955711,0.710955710955711,0.4513929166335584,0.7168428897857666,"{'classifier:__choice__': 'LOFClassifier', 'data_preprocessor:__choice__': 'NoPreprocessing', 'feature_preprocessor:__choice__': 'no_preprocessing', 'classifier:LOFClassifier:contamination': 0.1, 'classifier:LOFClassifier:n_neighbors': 165, 'classifier:LOFClassifier:p': 2}",144,Success,0.0,LOFClassifier,NoPreprocessing,no_preprocessing,,,,,,,,,,,,,,,,0.1,165.0,2.0
0.8275058275058275,0.8275058275058275,0.5614718614718615,1.6572625637054443,"{'classifier:__choice__': 'IForestClassifier', 'data_preprocessor:__choice__': 'NoPreprocessing', 'feature_preprocessor:__choice__': 'no_preprocessing', 'classifier:IForestClassifier:bootstrap': 'False', 'classifier:IForestClassifier:contamination': 0.45, 'classifier:IForestClassifier:max_features': 1.0, 'classifier:IForestClassifier:max_samples': 0.45, 'classifier:IForestClassifier:n_estimators': 155}",11,Success,0.0,IForestClassifier,NoPreprocessing,no_preprocessing,,,,,,,False,0.45,1.0,0.45,155.0,,,,,,,
0.7505827505827505,0.7505827505827505,0.49119556266250297,0.9631433486938477,"{'classifier:__choice__': 'IForestClassifier', 'data_preprocessor:__choice__': 'NoPreprocessing', 'feature_preprocessor:__choice__': 'no_preprocessing', 'classifier:IForestClassifier:bootstrap': 'False', 'classifier:IForestClassifier:contamination': 0.45, 'classifier:IForestClassifier:max_features': 1.0, 'classifier:IForestClassifier:max_samples': 0.5, 'classifier:IForestClassifier:n_estimators': 45}",121,Success,0.0,IForestClassifier,NoPreprocessing,no_preprocessing,,,,,,,False,0.45,1.0,0.5,45.0,,,,,,,
0.5337995337995338,0.5337995337995338,0.35845642062133787,1.0157225131988525,"{'classifier:__choice__': 'KNNClassifier', 'data_preprocessor:__choice__': 'NoPreprocessing', 'feature_preprocessor:__choice__': 'no_preprocessing', 'classifier:KNNClassifier:contamination': 0.45, 'classifier:KNNClassifier:method': 'largest', 'classifier:KNNClassifier:n_neighbors': 56, 'classifier:KNNClassifier:p': 2}",242,Success,0.0,KNNClassifier,NoPreprocessing,no_preprocessing,,,,,,,,,,,,0.45,largest,56.0,2.0,,,
0.35897435897435903,0.35897435897435903,0.18208796608083588,2.402574062347412,"{'classifier:__choice__': 'CBLOFClassifier', 'data_preprocessor:__choice__': 'NoPreprocessing', 'feature_preprocessor:__choice__': 'no_preprocessing', 'classifier:CBLOFClassifier:alpha': 0.9, 'classifier:CBLOFClassifier:beta': 6, 'classifier:CBLOFClassifier:contamination': 0.4, 'classifier:CBLOFClassifier:n_clusters': 16, 'classifier:CBLOFClassifier:use_weights': 'False'}",309,Success,0.0,CBLOFClassifier,NoPreprocessing,no_preprocessing,0.9,6.0,0.4,16.0,False,,,,,,,,,,,,,
0.8251748251748252,0.8251748251748252,0.560357238069848,1.5989344120025635,"{'classifier:__choice__': 'IForestClassifier', 'data_preprocessor:__choice__': 'NoPreprocessing', 'feature_preprocessor:__choice__': 'no_preprocessing', 'classifier:IForestClassifier:bootstrap': 'False', 'classifier:IForestClassifier:contamination': 0.15000000000000002, 'classifier:IForestClassifier:max_features': 1.0, 'classifier:IForestClassifier:max_samples': 0.45, 'classifier:IForestClassifier:n_estimators': 150}",18,Success,0.0,IForestClassifier,NoPreprocessing,no_preprocessing,,,,,,,False,0.15000000000000002,1.0,0.45,150.0,,,,,,,
0.8181818181818181,0.8181818181818181,0.5491936541789914,1.6871333122253418,"{'classifier:__choice__': 'IForestClassifier', 'data_preprocessor:__choice__': 'NoPreprocessing', 'feature_preprocessor:__choice__': 'no_preprocessing', 'classifier:IForestClassifier:bootstrap': 'False', 'classifier:IForestClassifier:contamination': 0.05, 'classifier:IForestClassifier:max_features': 1.0, 'classifier:IForestClassifier:max_samples': 0.45, 'classifier:IForestClassifier:n_estimators': 185}",44,Success,0.0,IForestClassifier,NoPreprocessing,no_preprocessing,,,,,,,False,0.05,1.0,0.45,185.0,,,,,,,
0.6223776223776223,0.6223776223776223,0.3874354572630434,0.6815946102142334,"{'classifier:__choice__': 'LOFClassifier', 'data_preprocessor:__choice__': 'NoPreprocessing', 'feature_preprocessor:__choice__': 'no_preprocessing', 'classifier:LOFClassifier:contamination': 0.4, 'classifier:LOFClassifier:n_neighbors': 71, 'classifier:LOFClassifier:p': 2}",199,Success,0.0,LOFClassifier,NoPreprocessing,no_preprocessing,,,,,,,,,,,,,,,,0.4,71.0,2.0
0.780885780885781,0.780885780885781,0.5340618163198808,1.7779695987701416,"{'classifier:__choice__': 'IForestClassifier', 'data_preprocessor:__choice__': 'NoPreprocessing', 'feature_preprocessor:__choice__': 'no_preprocessing', 'classifier:IForestClassifier:bootstrap': 'False', 'classifier:IForestClassifier:contamination': 0.45, 'classifier:IForestClassifier:max_features': 1.0, 'classifier:IForestClassifier:max_samples': 0.7, 'classifier:IForestClassifier:n_estimators': 195}",78,Success,0.0,IForestClassifier,NoPreprocessing,no_preprocessing,,,,,,,False,0.45,1.0,0.7,195.0,,,,,,,
0.710955710955711,0.710955710955711,0.4550061238040778,0.7305440902709961,"{'classifier:__choice__': 'LOFClassifier', 'data_preprocessor:__choice__': 'NoPreprocessing', 'feature_preprocessor:__choice__': 'no_preprocessing', 'classifier:LOFClassifier:contamination': 0.35000000000000003, 'classifier:LOFClassifier:n_neighbors': 172, 'classifier:LOFClassifier:p': 2}",144,Success,0.0,LOFClassifier,NoPreprocessing,no_preprocessing,,,,,,,,,,,,,,,,0.35000000000000003,172.0,2.0
0.7599067599067599,0.7599067599067599,0.49671580944308213,1.7269303798675537,"{'classifier:__choice__': 'IForestClassifier', 'data_preprocessor:__choice__': 'NoPreprocessing', 'feature_preprocessor:__choice__': 'no_preprocessing', 'classifier:IForestClassifier:bootstrap': 'False', 'classifier:IForestClassifier:contamination': 0.25, 'classifier:IForestClassifier:max_features': 1.0, 'classifier:IForestClassifier:max_samples': 0.95, 'classifier:IForestClassifier:n_estimators': 185}",111,Success,0.0,IForestClassifier,NoPreprocessing,no_preprocessing,,,,,,,False,0.25,1.0,0.95,185.0,,,,,,,
0.8018648018648019,0.8018648018648019,0.5390777892119939,0.873143196105957,"{'classifier:__choice__': 'IForestClassifier', 'data_preprocessor:__choice__': 'NoPreprocessing', 'feature_preprocessor:__choice__': 'no_preprocessing', 'classifier:IForestClassifier:bootstrap': 'False', 'classifier:IForestClassifier:contamination': 0.25, 'classifier:IForestClassifier:max_features': 1.0, 'classifier:IForestClassifier:max_samples': 0.45, 'classifier:IForestClassifier:n_estimators': 45}",54,Success,0.0,IForestClassifier,NoPreprocessing,no_preprocessing,,,,,,,False,0.25,1.0,0.45,45.0,,,,,,,
0.8275058275058275,0.8275058275058275,0.5614718614718615,1.4874317646026611,"{'classifier:__choice__': 'IForestClassifier', 'data_preprocessor:__choice__': 'NoPreprocessing', 'feature_preprocessor:__choice__': 'no_preprocessing', 'classifier:IForestClassifier:bootstrap': 'False', 'classifier:IForestClassifier:contamination': 0.2, 'classifier:IForestClassifier:max_features': 1.0, 'classifier:IForestClassifier:max_samples': 0.45, 'classifier:IForestClassifier:n_estimators': 155}",11,Success,0.0,IForestClassifier,NoPreprocessing,no_preprocessing,,,,,,,False,0.2,1.0,0.45,155.0,,,,,,,
0.5034965034965035,0.5034965034965035,0.257593142875848,2.317805767059326,"{'classifier:__choice__': 'CBLOFClassifier', 'data_preprocessor:__choice__': 'NoPreprocessing', 'feature_preprocessor:__choice__': 'no_preprocessing', 'classifier:CBLOFClassifier:alpha': 0.5, 'classifier:CBLOFClassifier:beta': 6, 'classifier:CBLOFClassifier:contamination': 0.35000000000000003, 'classifier:CBLOFClassifier:n_clusters': 16, 'classifier:CBLOFClassifier:use_weights': 'False'}",270,Success,0.0,CBLOFClassifier,NoPreprocessing,no_preprocessing,0.5,6.0,0.35000000000000003,16.0,False,,,,,,,,,,,,,
0.8275058275058275,0.8275058275058275,0.5614718614718615,1.6230559349060059,"{'classifier:__choice__': 'IForestClassifier', 'data_preprocessor:__choice__': 'NoPreprocessing', 'feature_preprocessor:__choice__': 'no_preprocessing', 'classifier:IForestClassifier:bootstrap': 'False', 'classifier:IForestClassifier:contamination': 0.15000000000000002, 'classifier:IForestClassifier:max_features': 1.0, 'classifier:IForestClassifier:max_samples': 0.45, 'classifier:IForestClassifier:n_estimators': 155}",11,Success,0.0,IForestClassifier,NoPreprocessing,no_preprocessing,,,,,,,False,0.15000000000000002,1.0,0.45,155.0,,,,,,,
0.7132867132867133,0.7132867132867133,0.4996104905195815,0.7260911464691162,"{'classifier:__choice__': 'LOFClassifier', 'data_preprocessor:__choice__': 'NoPreprocessing', 'feature_preprocessor:__choice__': 'no_preprocessing', 'classifier:LOFClassifier:contamination': 0.4, 'classifier:LOFClassifier:n_neighbors': 200, 'classifier:LOFClassifier:p': 2}",139,Success,0.0,LOFClassifier,NoPreprocessing,no_preprocessing,,,,,,,,,,,,,,,,0.4,200.0,2.0
0.8251748251748252,0.8251748251748252,0.560357238069848,1.6030139923095703,"{'classifier:__choice__': 'IForestClassifier', 'data_preprocessor:__choice__': 'NoPreprocessing', 'feature_preprocessor:__choice__': 'no_preprocessing', 'classifier:IForestClassifier:bootstrap': 'False', 'classifier:IForestClassifier:contamination': 0.2, 'classifier:IForestClassifier:max_features': 1.0, 'classifier:IForestClassifier:max_samples': 0.45, 'classifier:IForestClassifier:n_estimators': 150}",18,Success,0.0,IForestClassifier,NoPreprocessing,no_preprocessing,,,,,,,False,0.2,1.0,0.45,150.0,,,,,,,
0.815850815850816,0.815850815850816,0.5456649460450201,1.778045654296875,"{'classifier:__choice__': 'IForestClassifier', 'data_preprocessor:__choice__': 'NoPreprocessing', 'feature_preprocessor:__choice__': 'no_preprocessing', 'classifier:IForestClassifier:bootstrap': 'False', 'classifier:IForestClassifier:contamination': 0.25, 'classifier:IForestClassifier:max_features': 1.0, 'classifier:IForestClassifier:max_samples': 0.45, 'classifier:IForestClassifier:n_estimators': 175}",46,Success,0.0,IForestClassifier,NoPreprocessing,no_preprocessing,,,,,,,False,0.25,1.0,0.45,175.0,,,,,,,
0.49650349650349646,0.49650349650349646,0.33450667146505575,0.8472223281860352,"{'classifier:__choice__': 'KNNClassifier', 'data_preprocessor:__choice__': 'NoPreprocessing', 'feature_preprocessor:__choice__': 'no_preprocessing', 'classifier:KNNClassifier:contamination': 0.2, 'classifier:KNNClassifier:method': 'largest', 'classifier:KNNClassifier:n_neighbors': 17, 'classifier:KNNClassifier:p': 2}",276,Success,0.0,KNNClassifier,NoPreprocessing,no_preprocessing,,,,,,,,,,,,0.2,largest,17.0,2.0,,,
0.6223776223776224,0.6223776223776224,0.4208129280420302,0.9294815063476562,"{'classifier:__choice__': 'KNNClassifier', 'data_preprocessor:__choice__': 'NoPreprocessing', 'feature_preprocessor:__choice__': 'no_preprocessing', 'classifier:KNNClassifier:contamination': 0.05, 'classifier:KNNClassifier:method': 'largest', 'classifier:KNNClassifier:n_neighbors': 147, 'classifier:KNNClassifier:p': 2}",196,Success,0.0,KNNClassifier,NoPreprocessing,no_preprocessing,,,,,,,,,,,,0.05,largest,147.0,2.0,,,
0.8205128205128205,0.8205128205128205,0.555798183779819,1.4408299922943115,"{'classifier:__choice__': 'IForestClassifier', 'data_preprocessor:__choice__': 'NoPreprocessing', 'feature_preprocessor:__choice__': 'no_preprocessing', 'classifier:IForestClassifier:bootstrap': 'False', 'classifier:IForestClassifier:contamination': 0.1, 'classifier:IForestClassifier:max_features': 1.0, 'classifier:IForestClassifier:max_samples': 0.45, 'classifier:IForestClassifier:n_estimators': 145}",42,Success,0.0,IForestClassifier,NoPreprocessing,no_preprocessing,,,,,,,False,0.1,1.0,0.45,145.0,,,,,,,
0.6713286713286715,0.6713286713286715,0.4191957414352093,0.690192699432373,"{'classifier:__choice__': 'LOFClassifier', 'data_preprocessor:__choice__': 'NoPreprocessing', 'feature_preprocessor:__choice__': 'no_preprocessing', 'classifier:LOFClassifier:contamination': 0.45, 'classifier:LOFClassifier:n_neighbors': 105, 'classifier:LOFClassifier:p': 2}",168,Success,0.0,LOFClassifier,NoPreprocessing,no_preprocessing,,,,,,,,,,,,,,,,0.45,105.0,2.0
0.8321678321678322,0.8321678321678322,0.5649186969513649,1.6493556499481201,"{'classifier:__choice__': 'IForestClassifier', 'data_preprocessor:__choice__': 'NoPreprocessing', 'feature_preprocessor:__choice__': 'no_preprocessing', 'classifier:IForestClassifier:bootstrap': 'False', 'classifier:IForestClassifier:contamination': 0.05, 'classifier:IForestClassifier:max_features': 1.0, 'classifier:IForestClassifier:max_samples': 0.45, 'classifier:IForestClassifier:n_estimators': 165}",1,Success,0.0,IForestClassifier,NoPreprocessing,no_preprocessing,,,,,,,False,0.05,1.0,0.45,165.0,,,,,,,
0.5641025641025641,0.5641025641025641,0.4000806574054917,0.880199670791626,"{'classifier:__choice__': 'KNNClassifier', 'data_preprocessor:__choice__': 'NoPreprocessing', 'feature_preprocessor:__choice__': 'no_preprocessing', 'classifier:KNNClassifier:contamination': 0.3, 'classifier:KNNClassifier:method': 'largest', 'classifier:KNNClassifier:n_neighbors': 72, 'classifier:KNNClassifier:p': 2}",233,Success,0.0,KNNClassifier,NoPreprocessing,no_preprocessing,,,,,,,,,,,,0.3,largest,72.0,2.0,,,
0.8205128205128205,0.8205128205128205,0.555798183779819,1.5548279285430908,"{'classifier:__choice__': 'IForestClassifier', 'data_preprocessor:__choice__': 'NoPreprocessing', 'feature_preprocessor:__choice__': 'no_preprocessing', 'classifier:IForestClassifier:bootstrap': 'False', 'classifier:IForestClassifier:contamination': 0.15000000000000002, 'classifier:IForestClassifier:max_features': 1.0, 'classifier:IForestClassifier:max_samples': 0.45, 'classifier:IForestClassifier:n_estimators': 145}",42,Success,0.0,IForestClassifier,NoPreprocessing,no_preprocessing,,,,,,,False,0.15000000000000002,1.0,0.45,145.0,,,,,,,
0.8228438228438228,0.8228438228438228,0.5599304151847777,1.5343663692474365,"{'classifier:__choice__': 'IForestClassifier', 'data_preprocessor:__choice__': 'NoPreprocessing', 'feature_preprocessor:__choice__': 'no_preprocessing', 'classifier:IForestClassifier:bootstrap': 'False', 'classifier:IForestClassifier:contamination': 0.1, 'classifier:IForestClassifier:max_features': 1.0, 'classifier:IForestClassifier:max_samples': 0.45, 'classifier:IForestClassifier:n_estimators': 140}",27,Success,0.0,IForestClassifier,NoPreprocessing,no_preprocessing,,,,,,,False,0.1,1.0,0.45,140.0,,,,,,,
0.49650349650349657,0.49650349650349657,0.2745002764580553,0.6621153354644775,"{'classifier:__choice__': 'LOFClassifier', 'data_preprocessor:__choice__': 'NoPreprocessing', 'feature_preprocessor:__choice__': 'no_preprocessing', 'classifier:LOFClassifier:contamination': 0.4, 'classifier:LOFClassifier:n_neighbors': 23, 'classifier:LOFClassifier:p': 2}",275,Success,0.0,LOFClassifier,NoPreprocessing,no_preprocessing,,,,,,,,,,,,,,,,0.4,23.0,2.0
0.5920745920745921,0.5920745920745921,0.3168063783149173,0.6775968074798584,"{'classifier:__choice__': 'LOFClassifier', 'data_preprocessor:__choice__': 'NoPreprocessing', 'feature_preprocessor:__choice__': 'no_preprocessing', 'classifier:LOFClassifier:contamination': 0.5, 'classifier:LOFClassifier:n_neighbors': 58, 'classifier:LOFClassifier:p': 2}",210,Success,0.0,LOFClassifier,NoPreprocessing,no_preprocessing,,,,,,,,,,,,,,,,0.5,58.0,2.0
0.8275058275058275,0.8275058275058275,0.5614718614718615,1.4815607070922852,"{'classifier:__choice__': 'IForestClassifier', 'data_preprocessor:__choice__': 'NoPreprocessing', 'feature_preprocessor:__choice__': 'no_preprocessing', 'classifier:IForestClassifier:bootstrap': 'False', 'classifier:IForestClassifier:contamination': 0.35000000000000003, 'classifier:IForestClassifier:max_features': 1.0, 'classifier:IForestClassifier:max_samples': 0.45, 'classifier:IForestClassifier:n_estimators': 155}",11,Success,0.0,IForestClassifier,NoPreprocessing,no_preprocessing,,,,,,,False,0.35000000000000003,1.0,0.45,155.0,,,,,,,
0.5034965034965035,0.5034965034965035,0.26715927995240474,0.6690659523010254,"{'classifier:__choice__': 'LOFClassifier', 'data_preprocessor:__choice__': 'NoPreprocessing', 'feature_preprocessor:__choice__': 'no_preprocessing', 'classifier:LOFClassifier:contamination': 0.45, 'classifier:LOFClassifier:n_neighbors': 29, 'classifier:LOFClassifier:p': 2}",270,Success,0.0,LOFClassifier,NoPreprocessing,no_preprocessing,,,,,,,,,,,,,,,,0.45,29.0,2.0
0.7902097902097902,0.7902097902097902,0.5264294466517939,1.6455152034759521,"{'classifier:__choice__': 'IForestClassifier', 'data_preprocessor:__choice__': 'NoPreprocessing', 'feature_preprocessor:__choice__': 'no_preprocessing', 'classifier:IForestClassifier:bootstrap': 'False', 'classifier:IForestClassifier:contamination': 0.2, 'classifier:IForestClassifier:max_features': 1.0, 'classifier:IForestClassifier:max_samples': 0.5, 'classifier:IForestClassifier:n_estimators': 165}",66,Success,0.0,IForestClassifier,NoPreprocessing,no_preprocessing,,,,,,,False,0.2,1.0,0.5,165.0,,,,,,,
0.8228438228438228,0.8228438228438228,0.5599304151847777,1.5700016021728516,"{'classifier:__choice__': 'IForestClassifier', 'data_preprocessor:__choice__': 'NoPreprocessing', 'feature_preprocessor:__choice__': 'no_preprocessing', 'classifier:IForestClassifier:bootstrap': 'False', 'classifier:IForestClassifier:contamination': 0.05, 'classifier:IForestClassifier:max_features': 1.0, 'classifier:IForestClassifier:max_samples': 0.45, 'classifier:IForestClassifier:n_estimators': 140}",27,Success,0.0,IForestClassifier,NoPreprocessing,no_preprocessing,,,,,,,False,0.05,1.0,0.45,140.0,,,,,,,
0.8228438228438228,0.8228438228438228,0.5599304151847777,1.5159494876861572,"{'classifier:__choice__': 'IForestClassifier', 'data_preprocessor:__choice__': 'NoPreprocessing', 'feature_preprocessor:__choice__': 'no_preprocessing', 'classifier:IForestClassifier:bootstrap': 'False', 'classifier:IForestClassifier:contamination': 0.45, 'classifier:IForestClassifier:max_features': 1.0, 'classifier:IForestClassifier:max_samples': 0.45, 'classifier:IForestClassifier:n_estimators': 140}",27,Success,0.0,IForestClassifier,NoPreprocessing,no_preprocessing,,,,,,,False,0.45,1.0,0.45,140.0,,,,,,,
0.35897435897435903,0.35897435897435903,0.21379736742316025,2.3351378440856934,"{'classifier:__choice__': 'CBLOFClassifier', 'data_preprocessor:__choice__': 'NoPreprocessing', 'feature_preprocessor:__choice__': 'no_preprocessing', 'classifier:CBLOFClassifier:alpha': 0.7, 'classifier:CBLOFClassifier:beta': 14, 'classifier:CBLOFClassifier:contamination': 0.4, 'classifier:CBLOFClassifier:n_clusters': 8, 'classifier:CBLOFClassifier:use_weights': 'False'}",309,Success,0.0,CBLOFClassifier,NoPreprocessing,no_preprocessing,0.7,14.0,0.4,8.0,False,,,,,,,,,,,,,
0.5920745920745921,0.5920745920745921,0.3168063783149173,0.823505163192749,"{'classifier:__choice__': 'LOFClassifier', 'data_preprocessor:__choice__': 'NoPreprocessing', 'feature_preprocessor:__choice__': 'no_preprocessing', 'classifier:LOFClassifier:contamination': 0.2, 'classifier:LOFClassifier:n_neighbors': 58, 'classifier:LOFClassifier:p': 2}",210,Success,0.0,LOFClassifier,NoPreprocessing,no_preprocessing,,,,,,,,,,,,,,,,0.2,58.0,2.0
0.8228438228438227,0.8228438228438227,0.5533669662470403,1.5820214748382568,"{'classifier:__choice__': 'IForestClassifier', 'data_preprocessor:__choice__': 'NoPreprocessing', 'feature_preprocessor:__choice__': 'no_preprocessing', 'classifier:IForestClassifier:bootstrap': 'False', 'classifier:IForestClassifier:contamination': 0.1, 'classifier:IForestClassifier:max_features': 1.0, 'classifier:IForestClassifier:max_samples': 0.45, 'classifier:IForestClassifier:n_estimators': 170}",36,Success,0.0,IForestClassifier,NoPreprocessing,no_preprocessing,,,,,,,False,0.1,1.0,0.45,170.0,,,,,,,
0.6177156177156178,0.6177156177156178,0.41941749269073747,0.9285271167755127,"{'classifier:__choice__': 'KNNClassifier', 'data_preprocessor:__choice__': 'NoPreprocessing', 'feature_preprocessor:__choice__': 'no_preprocessing', 'classifier:KNNClassifier:contamination': 0.05, 'classifier:KNNClassifier:method': 'largest', 'classifier:KNNClassifier:n_neighbors': 141, 'classifier:KNNClassifier:p': 2}",202,Success,0.0,KNNClassifier,NoPreprocessing,no_preprocessing,,,,,,,,,,,,0.05,largest,141.0,2.0,,,
0.62004662004662,0.62004662004662,0.42047809875134357,0.9258122444152832,"{'classifier:__choice__': 'KNNClassifier', 'data_preprocessor:__choice__': 'NoPreprocessing', 'feature_preprocessor:__choice__': 'no_preprocessing', 'classifier:KNNClassifier:contamination': 0.1, 'classifier:KNNClassifier:method': 'largest', 'classifier:KNNClassifier:n_neighbors': 139, 'classifier:KNNClassifier:p': 2}",200,Success,0.0,KNNClassifier,NoPreprocessing,no_preprocessing,,,,,,,,,,,,0.1,largest,139.0,2.0,,,
0.7855477855477855,0.7855477855477855,0.5192874119344707,1.3875031471252441,"{'classifier:__choice__': 'IForestClassifier', 'data_preprocessor:__choice__': 'NoPreprocessing', 'feature_preprocessor:__choice__': 'no_preprocessing', 'classifier:IForestClassifier:bootstrap': 'False', 'classifier:IForestClassifier:contamination': 0.3, 'classifier:IForestClassifier:max_features': 1.0, 'classifier:IForestClassifier:max_samples': 0.8500000000000001, 'classifier:IForestClassifier:n_estimators': 135}",76,Success,0.0,IForestClassifier,NoPreprocessing,no_preprocessing,,,,,,,False,0.3,1.0,0.8500000000000001,135.0,,,,,,,
0.7902097902097902,0.7902097902097902,0.49209322895843277,0.9849963188171387,"{'classifier:__choice__': 'IForestClassifier', 'data_preprocessor:__choice__': 'NoPreprocessing', 'feature_preprocessor:__choice__': 'no_preprocessing', 'classifier:IForestClassifier:bootstrap': 'False', 'classifier:IForestClassifier:contamination': 0.1, 'classifier:IForestClassifier:max_features': 1.0, 'classifier:IForestClassifier:max_samples': 1.0, 'classifier:IForestClassifier:n_estimators': 70}",66,Success,0.0,IForestClassifier,NoPreprocessing,no_preprocessing,,,,,,,False,0.1,1.0,1.0,70.0,,,,,,,
0.5291375291375291,0.5291375291375291,0.2794342878643348,2.2389097213745117,"{'classifier:__choice__': 'CBLOFClassifier', 'data_preprocessor:__choice__': 'NoPreprocessing', 'feature_preprocessor:__choice__': 'no_preprocessing', 'classifier:CBLOFClassifier:alpha': 0.9, 'classifier:CBLOFClassifier:beta': 8, 'classifier:CBLOFClassifier:contamination': 0.35000000000000003, 'classifier:CBLOFClassifier:n_clusters': 12, 'classifier:CBLOFClassifier:use_weights': 'False'}",247,Success,0.0,CBLOFClassifier,NoPreprocessing,no_preprocessing,0.9,8.0,0.35000000000000003,12.0,False,,,,,,,,,,,,,
0.3543123543123543,0.3543123543123543,0.22200894699258333,2.3140063285827637,"{'classifier:__choice__': 'CBLOFClassifier', 'data_preprocessor:__choice__': 'NoPreprocessing', 'feature_preprocessor:__choice__': 'no_preprocessing', 'classifier:CBLOFClassifier:alpha': 0.8, 'classifier:CBLOFClassifier:beta': 16, 'classifier:CBLOFClassifier:contamination': 0.45, 'classifier:CBLOFClassifier:n_clusters': 6, 'classifier:CBLOFClassifier:use_weights': 'False'}",312,Success,0.0,CBLOFClassifier,NoPreprocessing,no_preprocessing,0.8,16.0,0.45,6.0,False,,,,,,,,,,,,,
0.8275058275058275,0.8275058275058275,0.5614718614718615,1.4847545623779297,"{'classifier:__choice__': 'IForestClassifier', 'data_preprocessor:__choice__': 'NoPreprocessing', 'feature_preprocessor:__choice__': 'no_preprocessing', 'classifier:IForestClassifier:bootstrap': 'False', 'classifier:IForestClassifier:contamination': 0.25, 'classifier:IForestClassifier:max_features': 1.0, 'classifier:IForestClassifier:max_samples': 0.45, 'classifier:IForestClassifier:n_estimators': 155}",11,Success,0.0,IForestClassifier,NoPreprocessing,no_preprocessing,,,,,,,False,0.25,1.0,0.45,155.0,,,,,,,
0.8251748251748252,0.8251748251748252,0.560357238069848,1.444394826889038,"{'classifier:__choice__': 'IForestClassifier', 'data_preprocessor:__choice__': 'NoPreprocessing', 'feature_preprocessor:__choice__': 'no_preprocessing', 'classifier:IForestClassifier:bootstrap': 'False', 'classifier:IForestClassifier:contamination': 0.25, 'classifier:IForestClassifier:max_features': 1.0, 'classifier:IForestClassifier:max_samples': 0.45, 'classifier:IForestClassifier:n_estimators': 150}",18,Success,0.0,IForestClassifier,NoPreprocessing,no_preprocessing,,,,,,,False,0.25,1.0,0.45,150.0,,,,,,,
0.3543123543123543,0.3543123543123543,0.22200894699258333,2.206425428390503,"{'classifier:__choice__': 'CBLOFClassifier', 'data_preprocessor:__choice__': 'NoPreprocessing', 'feature_preprocessor:__choice__': 'no_preprocessing', 'classifier:CBLOFClassifier:alpha': 0.7, 'classifier:CBLOFClassifier:beta': 4, 'classifier:CBLOFClassifier:contamination': 0.45, 'classifier:CBLOFClassifier:n_clusters': 6, 'classifier:CBLOFClassifier:use_weights': 'False'}",312,Success,0.0,CBLOFClassifier,NoPreprocessing,no_preprocessing,0.7,4.0,0.45,6.0,False,,,,,,,,,,,,,
0.5244755244755244,0.5244755244755244,0.3566446699755521,0.8583085536956787,"{'classifier:__choice__': 'KNNClassifier', 'data_preprocessor:__choice__': 'NoPreprocessing', 'feature_preprocessor:__choice__': 'no_preprocessing', 'classifier:KNNClassifier:contamination': 0.45, 'classifier:KNNClassifier:method': 'largest', 'classifier:KNNClassifier:n_neighbors': 46, 'classifier:KNNClassifier:p': 2}",250,Success,0.0,KNNClassifier,NoPreprocessing,no_preprocessing,,,,,,,,,,,,0.45,largest,46.0,2.0,,,
0.3543123543123543,0.3543123543123543,0.22200894699258333,2.2091331481933594,"{'classifier:__choice__': 'CBLOFClassifier', 'data_preprocessor:__choice__': 'NoPreprocessing', 'feature_preprocessor:__choice__': 'no_preprocessing', 'classifier:CBLOFClassifier:alpha': 0.6, 'classifier:CBLOFClassifier:beta': 12, 'classifier:CBLOFClassifier:contamination': 0.05, 'classifier:CBLOFClassifier:n_clusters': 6, 'classifier:CBLOFClassifier:use_weights': 'False'}",312,Success,0.0,CBLOFClassifier,NoPreprocessing,no_preprocessing,0.6,12.0,0.05,6.0,False,,,,,,,,,,,,,
0.45687645687645695,0.45687645687645695,0.28645807639025933,0.8120884895324707,"{'classifier:__choice__': 'KNNClassifier', 'data_preprocessor:__choice__': 'NoPreprocessing', 'feature_preprocessor:__choice__': 'no_preprocessing', 'classifier:KNNClassifier:contamination': 0.2, 'classifier:KNNClassifier:method': 'largest', 'classifier:KNNClassifier:n_neighbors': 5, 'classifier:KNNClassifier:p': 2}",287,Success,0.0,KNNClassifier,NoPreprocessing,no_preprocessing,,,,,,,,,,,,0.2,largest,5.0,2.0,,,
0.8321678321678322,0.8321678321678322,0.5649186969513649,1.6388192176818848,"{'classifier:__choice__': 'IForestClassifier', 'data_preprocessor:__choice__': 'NoPreprocessing', 'feature_preprocessor:__choice__': 'no_preprocessing', 'classifier:IForestClassifier:bootstrap': 'False', 'classifier:IForestClassifier:contamination': 0.4, 'classifier:IForestClassifier:max_features': 1.0, 'classifier:IForestClassifier:max_samples': 0.45, 'classifier:IForestClassifier:n_estimators': 165}",1,Success,0.0,IForestClassifier,NoPreprocessing,no_preprocessing,,,,,,,False,0.4,1.0,0.45,165.0,,,,,,,
0.627039627039627,0.627039627039627,0.42181183109975684,0.9389164447784424,"{'classifier:__choice__': 'KNNClassifier', 'data_preprocessor:__choice__': 'NoPreprocessing', 'feature_preprocessor:__choice__': 'no_preprocessing', 'classifier:KNNClassifier:contamination': 0.35000000000000003, 'classifier:KNNClassifier:method': 'largest', 'classifier:KNNClassifier:n_neighbors': 164, 'classifier:KNNClassifier:p': 2}",193,Success,0.0,KNNClassifier,NoPreprocessing,no_preprocessing,,,,,,,,,,,,0.35000000000000003,largest,164.0,2.0,,,
0.5850815850815851,0.5850815850815851,0.4077029382924092,0.9163193702697754,"{'classifier:__choice__': 'KNNClassifier', 'data_preprocessor:__choice__': 'NoPreprocessing', 'feature_preprocessor:__choice__': 'no_preprocessing', 'classifier:KNNClassifier:contamination': 0.2, 'classifier:KNNClassifier:method': 'largest', 'classifier:KNNClassifier:n_neighbors': 107, 'classifier:KNNClassifier:p': 2}",216,Success,0.0,KNNClassifier,NoPreprocessing,no_preprocessing,,,,,,,,,,,,0.2,largest,107.0,2.0,,,
0.7599067599067598,0.7599067599067598,0.5172154234654235,1.6909987926483154,"{'classifier:__choice__': 'IForestClassifier', 'data_preprocessor:__choice__': 'NoPreprocessing', 'feature_preprocessor:__choice__': 'no_preprocessing', 'classifier:IForestClassifier:bootstrap': 'False', 'classifier:IForestClassifier:contamination': 0.15000000000000002, 'classifier:IForestClassifier:max_features': 1.0, 'classifier:IForestClassifier:max_samples': 0.8, 'classifier:IForestClassifier:n_estimators': 180}",114,Success,0.0,IForestClassifier,NoPreprocessing,no_preprocessing,,,,,,,False,0.15000000000000002,1.0,0.8,180.0,,,,,,,
0.8321678321678322,0.8321678321678322,0.5649186969513649,1.5553321838378906,"{'classifier:__choice__': 'IForestClassifier', 'data_preprocessor:__choice__': 'NoPreprocessing', 'feature_preprocessor:__choice__': 'no_preprocessing', 'classifier:IForestClassifier:bootstrap': 'False', 'classifier:IForestClassifier:contamination': 0.2, 'classifier:IForestClassifier:max_features': 1.0, 'classifier:IForestClassifier:max_samples': 0.45, 'classifier:IForestClassifier:n_estimators': 165}",1,Success,0.0,IForestClassifier,NoPreprocessing,no_preprocessing,,,,,,,False,0.2,1.0,0.45,165.0,,,,,,,
0.5757575757575758,0.5757575757575758,0.2998485009066071,0.6704833507537842,"{'classifier:__choice__': 'LOFClassifier', 'data_preprocessor:__choice__': 'NoPreprocessing', 'feature_preprocessor:__choice__': 'no_preprocessing', 'classifier:LOFClassifier:contamination': 0.4, 'classifier:LOFClassifier:n_neighbors': 52, 'classifier:LOFClassifier:p': 2}",226,Success,0.0,LOFClassifier,NoPreprocessing,no_preprocessing,,,,,,,,,,,,,,,,0.4,52.0,2.0
0.703962703962704,0.703962703962704,0.44511214979527125,0.7074949741363525,"{'classifier:__choice__': 'LOFClassifier', 'data_preprocessor:__choice__': 'NoPreprocessing', 'feature_preprocessor:__choice__': 'no_preprocessing', 'classifier:LOFClassifier:contamination': 0.45, 'classifier:LOFClassifier:n_neighbors': 160, 'classifier:LOFClassifier:p': 2}",156,Success,0.0,LOFClassifier,NoPreprocessing,no_preprocessing,,,,,,,,,,,,,,,,0.45,160.0,2.0
0.8228438228438228,0.8228438228438228,0.5599304151847777,1.5442333221435547,"{'classifier:__choice__': 'IForestClassifier', 'data_preprocessor:__choice__': 'NoPreprocessing', 'feature_preprocessor:__choice__': 'no_preprocessing', 'classifier:IForestClassifier:bootstrap': 'False', 'classifier:IForestClassifier:contamination': 0.2, 'classifier:IForestClassifier:max_features': 1.0, 'classifier:IForestClassifier:max_samples': 0.45, 'classifier:IForestClassifier:n_estimators': 140}",27,Success,0.0,IForestClassifier,NoPreprocessing,no_preprocessing,,,,,,,False,0.2,1.0,0.45,140.0,,,,,,,
0.8228438228438228,0.8228438228438228,0.5599304151847777,1.524566888809204,"{'classifier:__choice__': 'IForestClassifier', 'data_preprocessor:__choice__': 'NoPreprocessing', 'feature_preprocessor:__choice__': 'no_preprocessing', 'classifier:IForestClassifier:bootstrap': 'False', 'classifier:IForestClassifier:contamination': 0.35000000000000003, 'classifier:IForestClassifier:max_features': 1.0, 'classifier:IForestClassifier:max_samples': 0.45, 'classifier:IForestClassifier:n_estimators': 140}",27,Success,0.0,IForestClassifier,NoPreprocessing,no_preprocessing,,,,,,,False,0.35000000000000003,1.0,0.45,140.0,,,,,,,
0.3613053613053613,0.3613053613053613,0.22653017611214532,2.2605438232421875,"{'classifier:__choice__': 'CBLOFClassifier', 'data_preprocessor:__choice__': 'NoPreprocessing', 'feature_preprocessor:__choice__': 'no_preprocessing', 'classifier:CBLOFClassifier:alpha': 0.8500000000000001, 'classifier:CBLOFClassifier:beta': 12, 'classifier:CBLOFClassifier:contamination': 0.1, 'classifier:CBLOFClassifier:n_clusters': 8, 'classifier:CBLOFClassifier:use_weights': 'False'}",304,Success,0.0,CBLOFClassifier,NoPreprocessing,no_preprocessing,0.8500000000000001,12.0,0.1,8.0,False,,,,,,,,,,,,,
0.6456876456876457,0.6456876456876457,0.4158414086279698,2.285658121109009,"{'classifier:__choice__': 'CBLOFClassifier', 'data_preprocessor:__choice__': 'NoPreprocessing', 'feature_preprocessor:__choice__': 'no_preprocessing', 'classifier:CBLOFClassifier:alpha': 0.6, 'classifier:CBLOFClassifier:beta': 20, 'classifier:CBLOFClassifier:contamination': 0.35000000000000003, 'classifier:CBLOFClassifier:n_clusters': 14, 'classifier:CBLOFClassifier:use_weights': 'False'}",178,Success,0.0,CBLOFClassifier,NoPreprocessing,no_preprocessing,0.6,20.0,0.35000000000000003,14.0,False,,,,,,,,,,,,,
0.8181818181818181,0.8181818181818181,0.5491936541789914,1.667287826538086,"{'classifier:__choice__': 'IForestClassifier', 'data_preprocessor:__choice__': 'NoPreprocessing', 'feature_preprocessor:__choice__': 'no_preprocessing', 'classifier:IForestClassifier:bootstrap': 'False', 'classifier:IForestClassifier:contamination': 0.15000000000000002, 'classifier:IForestClassifier:max_features': 1.0, 'classifier:IForestClassifier:max_samples': 0.45, 'classifier:IForestClassifier:n_estimators': 185}",44,Success,0.0,IForestClassifier,NoPreprocessing,no_preprocessing,,,,,,,False,0.15000000000000002,1.0,0.45,185.0,,,,,,,
0.7692307692307692,0.7692307692307692,0.5051589964902659,1.4722084999084473,"{'classifier:__choice__': 'IForestClassifier', 'data_preprocessor:__choice__': 'NoPreprocessing', 'feature_preprocessor:__choice__': 'no_preprocessing', 'classifier:IForestClassifier:bootstrap': 'False', 'classifier:IForestClassifier:contamination': 0.3, 'classifier:IForestClassifier:max_features': 1.0, 'classifier:IForestClassifier:max_samples': 0.2, 'classifier:IForestClassifier:n_estimators': 155}",100,Success,0.0,IForestClassifier,NoPreprocessing,no_preprocessing,,,,,,,False,0.3,1.0,0.2,155.0,,,,,,,
0.3426573426573427,0.3426573426573427,0.22369385617150284,2.2487246990203857,"{'classifier:__choice__': 'CBLOFClassifier', 'data_preprocessor:__choice__': 'NoPreprocessing', 'feature_preprocessor:__choice__': 'no_preprocessing', 'classifier:CBLOFClassifier:alpha': 0.8500000000000001, 'classifier:CBLOFClassifier:beta': 4, 'classifier:CBLOFClassifier:contamination': 0.25, 'classifier:CBLOFClassifier:n_clusters': 8, 'classifier:CBLOFClassifier:use_weights': 'False'}",322,Success,0.0,CBLOFClassifier,NoPreprocessing,no_preprocessing,0.8500000000000001,4.0,0.25,8.0,False,,,,,,,,,,,,,
0.8321678321678322,0.8321678321678322,0.5649186969513649,1.5361943244934082,"{'classifier:__choice__': 'IForestClassifier', 'data_preprocessor:__choice__': 'NoPreprocessing', 'feature_preprocessor:__choice__': 'no_preprocessing', 'classifier:IForestClassifier:bootstrap': 'False', 'classifier:IForestClassifier:contamination': 0.35000000000000003, 'classifier:IForestClassifier:max_features': 1.0, 'classifier:IForestClassifier:max_samples': 0.45, 'classifier:IForestClassifier:n_estimators': 165}",1,Success,0.0,IForestClassifier,NoPreprocessing,no_preprocessing,,,,,,,False,0.35000000000000003,1.0,0.45,165.0,,,,,,,
0.8228438228438228,0.8228438228438228,0.5599304151847777,1.544393539428711,"{'classifier:__choice__': 'IForestClassifier', 'data_preprocessor:__choice__': 'NoPreprocessing', 'feature_preprocessor:__choice__': 'no_preprocessing', 'classifier:IForestClassifier:bootstrap': 'False', 'classifier:IForestClassifier:contamination': 0.5, 'classifier:IForestClassifier:max_features': 1.0, 'classifier:IForestClassifier:max_samples': 0.45, 'classifier:IForestClassifier:n_estimators': 140}",27,Success,0.0,IForestClassifier,NoPreprocessing,no_preprocessing,,,,,,,False,0.5,1.0,0.45,140.0,,,,,,,
0.7296037296037297,0.7296037296037297,0.44224937980560175,0.7256178855895996,"{'classifier:__choice__': 'IForestClassifier', 'data_preprocessor:__choice__': 'NoPreprocessing', 'feature_preprocessor:__choice__': 'no_preprocessing', 'classifier:IForestClassifier:bootstrap': 'False', 'classifier:IForestClassifier:contamination': 0.05, 'classifier:IForestClassifier:max_features': 1.0, 'classifier:IForestClassifier:max_samples': 0.2, 'classifier:IForestClassifier:n_estimators': 10}",136,Success,0.0,IForestClassifier,NoPreprocessing,no_preprocessing,,,,,,,False,0.05,1.0,0.2,10.0,,,,,,,
0.6946386946386947,0.6946386946386947,0.44021448468088786,0.702582597732544,"{'classifier:__choice__': 'LOFClassifier', 'data_preprocessor:__choice__': 'NoPreprocessing', 'feature_preprocessor:__choice__': 'no_preprocessing', 'classifier:LOFClassifier:contamination': 0.25, 'classifier:LOFClassifier:n_neighbors': 122, 'classifier:LOFClassifier:p': 2}",163,Success,0.0,LOFClassifier,NoPreprocessing,no_preprocessing,,,,,,,,,,,,,,,,0.25,122.0,2.0
0.47319347319347327,0.47319347319347327,0.3317009801792411,0.8074066638946533,"{'classifier:__choice__': 'KNNClassifier', 'data_preprocessor:__choice__': 'NoPreprocessing', 'feature_preprocessor:__choice__': 'no_preprocessing', 'classifier:KNNClassifier:contamination': 0.3, 'classifier:KNNClassifier:method': 'largest', 'classifier:KNNClassifier:n_neighbors': 8, 'classifier:KNNClassifier:p': 2}",282,Success,0.0,KNNClassifier,NoPreprocessing,no_preprocessing,,,,,,,,,,,,0.3,largest,8.0,2.0,,,
0.8321678321678322,0.8321678321678322,0.5649186969513649,1.5511846542358398,"{'classifier:__choice__': 'IForestClassifier', 'data_preprocessor:__choice__': 'NoPreprocessing', 'feature_preprocessor:__choice__': 'no_preprocessing', 'classifier:IForestClassifier:bootstrap': 'False', 'classifier:IForestClassifier:contamination': 0.5, 'classifier:IForestClassifier:max_features': 1.0, 'classifier:IForestClassifier:max_samples': 0.45, 'classifier:IForestClassifier:n_estimators': 165}",1,Success,0.0,IForestClassifier,NoPreprocessing,no_preprocessing,,,,,,,False,0.5,1.0,0.45,165.0,,,,,,,
0.8321678321678322,0.8321678321678322,0.5649186969513649,1.5535621643066406,"{'classifier:__choice__': 'IForestClassifier', 'data_preprocessor:__choice__': 'NoPreprocessing', 'feature_preprocessor:__choice__': 'no_preprocessing', 'classifier:IForestClassifier:bootstrap': 'False', 'classifier:IForestClassifier:contamination': 0.25, 'classifier:IForestClassifier:max_features': 1.0, 'classifier:IForestClassifier:max_samples': 0.45, 'classifier:IForestClassifier:n_estimators': 165}",1,Success,0.0,IForestClassifier,NoPreprocessing,no_preprocessing,,,,,,,False,0.25,1.0,0.45,165.0,,,,,,,
0.5804195804195804,0.5804195804195804,0.252187947025885,2.1754956245422363,"{'classifier:__choice__': 'CBLOFClassifier', 'data_preprocessor:__choice__': 'NoPreprocessing', 'feature_preprocessor:__choice__': 'no_preprocessing', 'classifier:CBLOFClassifier:alpha': 0.8, 'classifier:CBLOFClassifier:beta': 14, 'classifier:CBLOFClassifier:contamination': 0.15000000000000002, 'classifier:CBLOFClassifier:n_clusters': 4, 'classifier:CBLOFClassifier:use_weights': 'False'}",219,Success,0.0,CBLOFClassifier,NoPreprocessing,no_preprocessing,0.8,14.0,0.15000000000000002,4.0,False,,,,,,,,,,,,,
0.0,,,0.5655245780944824,"{'classifier:__choice__': 'CBLOFClassifier', 'data_preprocessor:__choice__': 'NoPreprocessing', 'feature_preprocessor:__choice__': 'no_preprocessing', 'classifier:CBLOFClassifier:alpha': 0.6, 'classifier:CBLOFClassifier:beta': 6, 'classifier:CBLOFClassifier:contamination': 0.3, 'classifier:CBLOFClassifier:n_clusters': 2, 'classifier:CBLOFClassifier:use_weights': 'False'}",324,Crash,0.0,CBLOFClassifier,NoPreprocessing,no_preprocessing,0.6,6.0,0.3,2.0,False,,,,,,,,,,,,,
0.6666666666666666,0.6666666666666666,0.4513768711260875,0.9086003303527832,"{'classifier:__choice__': 'IForestClassifier', 'data_preprocessor:__choice__': 'NoPreprocessing', 'feature_preprocessor:__choice__': 'no_preprocessing', 'classifier:IForestClassifier:bootstrap': 'False', 'classifier:IForestClassifier:contamination': 0.1, 'classifier:IForestClassifier:max_features': 1.0, 'classifier:IForestClassifier:max_samples': 0.9000000000000001, 'classifier:IForestClassifier:n_estimators': 35}",171,Success,0.0,IForestClassifier,NoPreprocessing,no_preprocessing,,,,,,,False,0.1,1.0,0.9000000000000001,35.0,,,,,,,
0.4638694638694638,0.4638694638694638,0.2508275649014653,2.2366652488708496,"{'classifier:__choice__': 'CBLOFClassifier', 'data_preprocessor:__choice__': 'NoPreprocessing', 'feature_preprocessor:__choice__': 'no_preprocessing', 'classifier:CBLOFClassifier:alpha': 0.55, 'classifier:CBLOFClassifier:beta': 18, 'classifier:CBLOFClassifier:contamination': 0.2, 'classifier:CBLOFClassifier:n_clusters': 12, 'classifier:CBLOFClassifier:use_weights': 'False'}",285,Success,0.0,CBLOFClassifier,NoPreprocessing,no_preprocessing,0.55,18.0,0.2,12.0,False,,,,,,,,,,,,,
0.5804195804195804,0.5804195804195804,0.252187947025885,2.184720754623413,"{'classifier:__choice__': 'CBLOFClassifier', 'data_preprocessor:__choice__': 'NoPreprocessing', 'feature_preprocessor:__choice__': 'no_preprocessing', 'classifier:CBLOFClassifier:alpha': 0.7, 'classifier:CBLOFClassifier:beta': 8, 'classifier:CBLOFClassifier:contamination': 0.3, 'classifier:CBLOFClassifier:n_clusters': 4, 'classifier:CBLOFClassifier:use_weights': 'False'}",219,Success,0.0,CBLOFClassifier,NoPreprocessing,no_preprocessing,0.7,8.0,0.3,4.0,False,,,,,,,,,,,,,
0.5337995337995338,0.5337995337995338,0.27441296077659716,0.8104615211486816,"{'classifier:__choice__': 'LOFClassifier', 'data_preprocessor:__choice__': 'NoPreprocessing', 'feature_preprocessor:__choice__': 'no_preprocessing', 'classifier:LOFClassifier:contamination': 0.2, 'classifier:LOFClassifier:n_neighbors': 43, 'classifier:LOFClassifier:p': 2}",242,Success,0.0,LOFClassifier,NoPreprocessing,no_preprocessing,,,,,,,,,,,,,,,,0.2,43.0,2.0
0.6060606060606061,0.6060606060606061,0.3037752147684901,2.3413822650909424,"{'classifier:__choice__': 'CBLOFClassifier', 'data_preprocessor:__choice__': 'NoPreprocessing', 'feature_preprocessor:__choice__': 'no_preprocessing', 'classifier:CBLOFClassifier:alpha': 0.6, 'classifier:CBLOFClassifier:beta': 8, 'classifier:CBLOFClassifier:contamination': 0.3, 'classifier:CBLOFClassifier:n_clusters': 8, 'classifier:CBLOFClassifier:use_weights': 'False'}",207,Success,0.0,CBLOFClassifier,NoPreprocessing,no_preprocessing,0.6,8.0,0.3,8.0,False,,,,,,,,,,,,,
0.4941724941724942,0.4941724941724942,0.2950544924987115,0.7985858917236328,"{'classifier:__choice__': 'LOFClassifier', 'data_preprocessor:__choice__': 'NoPreprocessing', 'feature_preprocessor:__choice__': 'no_preprocessing', 'classifier:LOFClassifier:contamination': 0.35000000000000003, 'classifier:LOFClassifier:n_neighbors': 20, 'classifier:LOFClassifier:p': 2}",278,Success,0.0,LOFClassifier,NoPreprocessing,no_preprocessing,,,,,,,,,,,,,,,,0.35000000000000003,20.0,2.0
0.7505827505827506,0.7505827505827506,0.5118315447143702,1.7527923583984375,"{'classifier:__choice__': 'IForestClassifier', 'data_preprocessor:__choice__': 'NoPreprocessing', 'feature_preprocessor:__choice__': 'no_preprocessing', 'classifier:IForestClassifier:bootstrap': 'False', 'classifier:IForestClassifier:contamination': 0.35000000000000003, 'classifier:IForestClassifier:max_features': 1.0, 'classifier:IForestClassifier:max_samples': 0.9000000000000001, 'classifier:IForestClassifier:n_estimators': 160}",119,Success,0.0,IForestClassifier,NoPreprocessing,no_preprocessing,,,,,,,False,0.35000000000000003,1.0,0.9000000000000001,160.0,,,,,,,
0.8321678321678322,0.8321678321678322,0.5649186969513649,1.540661096572876,"{'classifier:__choice__': 'IForestClassifier', 'data_preprocessor:__choice__': 'NoPreprocessing', 'feature_preprocessor:__choice__': 'no_preprocessing', 'classifier:IForestClassifier:bootstrap': 'False', 'classifier:IForestClassifier:contamination': 0.3, 'classifier:IForestClassifier:max_features': 1.0, 'classifier:IForestClassifier:max_samples': 0.45, 'classifier:IForestClassifier:n_estimators': 165}",1,Success,0.0,IForestClassifier,NoPreprocessing,no_preprocessing,,,,,,,False,0.3,1.0,0.45,165.0,,,,,,,
0.7319347319347319,0.7319347319347319,0.48019350903363445,0.8631658554077148,"{'classifier:__choice__': 'IForestClassifier', 'data_preprocessor:__choice__': 'NoPreprocessing', 'feature_preprocessor:__choice__': 'no_preprocessing', 'classifier:IForestClassifier:bootstrap': 'False', 'classifier:IForestClassifier:contamination': 0.15000000000000002, 'classifier:IForestClassifier:max_features': 1.0, 'classifier:IForestClassifier:max_samples': 0.9000000000000001, 'classifier:IForestClassifier:n_estimators': 50}",134,Success,0.0,IForestClassifier,NoPreprocessing,no_preprocessing,,,,,,,False,0.15000000000000002,1.0,0.9000000000000001,50.0,,,,,,,
0.7808857808857808,0.7808857808857808,0.5281568245683078,0.634591817855835,"{'classifier:__choice__': 'COPODClassifier', 'data_preprocessor:__choice__': 'NoPreprocessing', 'feature_preprocessor:__choice__': 'no_preprocessing', 'classifier:COPODClassifier:contamination': 0.25}",81,Success,0.0,COPODClassifier,NoPreprocessing,no_preprocessing,,,,,,0.25,,,,,,,,,,,,
0.5454545454545454,0.5454545454545454,0.3922857693327193,0.8584029674530029,"{'classifier:__choice__': 'KNNClassifier', 'data_preprocessor:__choice__': 'NoPreprocessing', 'feature_preprocessor:__choice__': 'no_preprocessing', 'classifier:KNNClassifier:contamination': 0.5, 'classifier:KNNClassifier:method': 'largest', 'classifier:KNNClassifier:n_neighbors': 60, 'classifier:KNNClassifier:p': 2}",237,Success,0.0,KNNClassifier,NoPreprocessing,no_preprocessing,,,,,,,,,,,,0.5,largest,60.0,2.0,,,
0.5547785547785549,0.5547785547785549,0.3958291708291709,0.8747155666351318,"{'classifier:__choice__': 'KNNClassifier', 'data_preprocessor:__choice__': 'NoPreprocessing', 'feature_preprocessor:__choice__': 'no_preprocessing', 'classifier:KNNClassifier:contamination': 0.05, 'classifier:KNNClassifier:method': 'largest', 'classifier:KNNClassifier:n_neighbors': 70, 'classifier:KNNClassifier:p': 2}",234,Success,0.0,KNNClassifier,NoPreprocessing,no_preprocessing,,,,,,,,,,,,0.05,largest,70.0,2.0,,,
0.8158508158508159,0.8158508158508159,0.5498007090323442,1.2739615440368652,"{'classifier:__choice__': 'IForestClassifier', 'data_preprocessor:__choice__': 'NoPreprocessing', 'feature_preprocessor:__choice__': 'no_preprocessing', 'classifier:IForestClassifier:bootstrap': 'False', 'classifier:IForestClassifier:contamination': 0.2, 'classifier:IForestClassifier:max_features': 1.0, 'classifier:IForestClassifier:max_samples': 0.45, 'classifier:IForestClassifier:n_estimators': 120}",47,Success,0.0,IForestClassifier,NoPreprocessing,no_preprocessing,,,,,,,False,0.2,1.0,0.45,120.0,,,,,,,
0.7039627039627039,0.7039627039627039,0.4458746838425982,0.709688663482666,"{'classifier:__choice__': 'LOFClassifier', 'data_preprocessor:__choice__': 'NoPreprocessing', 'feature_preprocessor:__choice__': 'no_preprocessing', 'classifier:LOFClassifier:contamination': 0.45, 'classifier:LOFClassifier:n_neighbors': 152, 'classifier:LOFClassifier:p': 2}",157,Success,0.0,LOFClassifier,NoPreprocessing,no_preprocessing,,,,,,,,,,,,,,,,0.45,152.0,2.0
0.7902097902097902,0.7902097902097902,0.5264294466517939,1.552367925643921,"{'classifier:__choice__': 'IForestClassifier', 'data_preprocessor:__choice__': 'NoPreprocessing', 'feature_preprocessor:__choice__': 'no_preprocessing', 'classifier:IForestClassifier:bootstrap': 'False', 'classifier:IForestClassifier:contamination': 0.25, 'classifier:IForestClassifier:max_features': 1.0, 'classifier:IForestClassifier:max_samples': 0.5, 'classifier:IForestClassifier:n_estimators': 165}",66,Success,0.0,IForestClassifier,NoPreprocessing,no_preprocessing,,,,,,,False,0.25,1.0,0.5,165.0,,,,,,,
0.7435897435897436,0.7435897435897436,0.4728560981502158,1.356896162033081,"{'classifier:__choice__': 'IForestClassifier', 'data_preprocessor:__choice__': 'NoPreprocessing', 'feature_preprocessor:__choice__': 'no_preprocessing', 'classifier:IForestClassifier:bootstrap': 'False', 'classifier:IForestClassifier:contamination': 0.45, 'classifier:IForestClassifier:max_features': 1.0, 'classifier:IForestClassifier:max_samples': 0.95, 'classifier:IForestClassifier:n_estimators': 130}",127,Success,0.0,IForestClassifier,NoPreprocessing,no_preprocessing,,,,,,,False,0.45,1.0,0.95,130.0,,,,,,,
0.5407925407925408,0.5407925407925408,0.39182651973349647,0.8799149990081787,"{'classifier:__choice__': 'KNNClassifier', 'data_preprocessor:__choice__': 'NoPreprocessing', 'feature_preprocessor:__choice__': 'no_preprocessing', 'classifier:KNNClassifier:contamination': 0.5, 'classifier:KNNClassifier:method': 'largest', 'classifier:KNNClassifier:n_neighbors': 66, 'classifier:KNNClassifier:p': 2}",238,Success,0.0,KNNClassifier,NoPreprocessing,no_preprocessing,,,,,,,,,,,,0.5,largest,66.0,2.0,,,
0.6177156177156177,0.6177156177156177,0.4192196564487587,0.9290297031402588,"{'classifier:__choice__': 'KNNClassifier', 'data_preprocessor:__choice__': 'NoPreprocessing', 'feature_preprocessor:__choice__': 'no_preprocessing', 'classifier:KNNClassifier:contamination': 0.35000000000000003, 'classifier:KNNClassifier:method': 'largest', 'classifier:KNNClassifier:n_neighbors': 158, 'classifier:KNNClassifier:p': 2}",203,Success,0.0,KNNClassifier,NoPreprocessing,no_preprocessing,,,,,,,,,,,,0.35000000000000003,largest,158.0,2.0,,,
0.8228438228438228,0.8228438228438228,0.5592946872763225,1.5350816249847412,"{'classifier:__choice__': 'IForestClassifier', 'data_preprocessor:__choice__': 'NoPreprocessing', 'feature_preprocessor:__choice__': 'no_preprocessing', 'classifier:IForestClassifier:bootstrap': 'False', 'classifier:IForestClassifier:contamination': 0.1, 'classifier:IForestClassifier:max_features': 1.0, 'classifier:IForestClassifier:max_samples': 0.45, 'classifier:IForestClassifier:n_estimators': 130}",27,Success,0.0,IForestClassifier,NoPreprocessing,no_preprocessing,,,,,,,False,0.1,1.0,0.45,130.0,,,,,,,
0.7132867132867133,0.7132867132867133,0.46845165498416275,0.8688170909881592,"{'classifier:__choice__': 'LOFClassifier', 'data_preprocessor:__choice__': 'NoPreprocessing', 'feature_preprocessor:__choice__': 'no_preprocessing', 'classifier:LOFClassifier:contamination': 0.05, 'classifier:LOFClassifier:n_neighbors': 186, 'classifier:LOFClassifier:p': 2}",139,Success,0.0,LOFClassifier,NoPreprocessing,no_preprocessing,,,,,,,,,,,,,,,,0.05,186.0,2.0
0.7692307692307692,0.7692307692307692,0.5326036172874118,1.1252741813659668,"{'classifier:__choice__': 'IForestClassifier', 'data_preprocessor:__choice__': 'NoPreprocessing', 'feature_preprocessor:__choice__': 'no_preprocessing', 'classifier:IForestClassifier:bootstrap': 'False', 'classifier:IForestClassifier:contamination': 0.2, 'classifier:IForestClassifier:max_features': 1.0, 'classifier:IForestClassifier:max_samples': 0.55, 'classifier:IForestClassifier:n_estimators': 75}",100,Success,0.0,IForestClassifier,NoPreprocessing,no_preprocessing,,,,,,,False,0.2,1.0,0.55,75.0,,,,,,,
0.7855477855477856,0.7855477855477856,0.5346076977093019,1.3471941947937012,"{'classifier:__choice__': 'IForestClassifier', 'data_preprocessor:__choice__': 'NoPreprocessing', 'feature_preprocessor:__choice__': 'no_preprocessing', 'classifier:IForestClassifier:bootstrap': 'False', 'classifier:IForestClassifier:contamination': 0.25, 'classifier:IForestClassifier:max_features': 1.0, 'classifier:IForestClassifier:max_samples': 0.55, 'classifier:IForestClassifier:n_estimators': 110}",75,Success,0.0,IForestClassifier,NoPreprocessing,no_preprocessing,,,,,,,False,0.25,1.0,0.55,110.0,,,,,,,
0.8321678321678322,0.8321678321678322,0.5649186969513649,1.5622119903564453,"{'classifier:__choice__': 'IForestClassifier', 'data_preprocessor:__choice__': 'NoPreprocessing', 'feature_preprocessor:__choice__': 'no_preprocessing', 'classifier:IForestClassifier:bootstrap': 'False', 'classifier:IForestClassifier:contamination': 0.45, 'classifier:IForestClassifier:max_features': 1.0, 'classifier:IForestClassifier:max_samples': 0.45, 'classifier:IForestClassifier:n_estimators': 165}",1,Success,0.0,IForestClassifier,NoPreprocessing,no_preprocessing,,,,,,,False,0.45,1.0,0.45,165.0,,,,,,,
0.5174825174825175,0.5174825174825175,0.35471357796206926,0.8614645004272461,"{'classifier:__choice__': 'KNNClassifier', 'data_preprocessor:__choice__': 'NoPreprocessing', 'feature_preprocessor:__choice__': 'no_preprocessing', 'classifier:KNNClassifier:contamination': 0.5, 'classifier:KNNClassifier:method': 'largest', 'classifier:KNNClassifier:n_neighbors': 43, 'classifier:KNNClassifier:p': 2}",256,Success,0.0,KNNClassifier,NoPreprocessing,no_preprocessing,,,,,,,,,,,,0.5,largest,43.0,2.0,,,
0.8251748251748252,0.8251748251748252,0.5634269186812811,1.4014134407043457,"{'classifier:__choice__': 'IForestClassifier', 'data_preprocessor:__choice__': 'NoPreprocessing', 'feature_preprocessor:__choice__': 'no_preprocessing', 'classifier:IForestClassifier:bootstrap': 'False', 'classifier:IForestClassifier:contamination': 0.05, 'classifier:IForestClassifier:max_features': 1.0, 'classifier:IForestClassifier:max_samples': 0.45, 'classifier:IForestClassifier:n_estimators': 135}",18,Success,0.0,IForestClassifier,NoPreprocessing,no_preprocessing,,,,,,,False,0.05,1.0,0.45,135.0,,,,,,,
0.4662004662004662,0.4662004662004662,0.24752128273518648,2.2397329807281494,"{'classifier:__choice__': 'CBLOFClassifier', 'data_preprocessor:__choice__': 'NoPreprocessing', 'feature_preprocessor:__choice__': 'no_preprocessing', 'classifier:CBLOFClassifier:alpha': 0.95, 'classifier:CBLOFClassifier:beta': 16, 'classifier:CBLOFClassifier:contamination': 0.45, 'classifier:CBLOFClassifier:n_clusters': 12, 'classifier:CBLOFClassifier:use_weights': 'False'}",284,Success,0.0,CBLOFClassifier,NoPreprocessing,no_preprocessing,0.95,16.0,0.45,12.0,False,,,,,,,,,,,,,
0.696969696969697,0.696969696969697,0.44165178256087345,0.7257120609283447,"{'classifier:__choice__': 'LOFClassifier', 'data_preprocessor:__choice__': 'NoPreprocessing', 'feature_preprocessor:__choice__': 'no_preprocessing', 'classifier:LOFClassifier:contamination': 0.45, 'classifier:LOFClassifier:n_neighbors': 127, 'classifier:LOFClassifier:p': 2}",161,Success,0.0,LOFClassifier,NoPreprocessing,no_preprocessing,,,,,,,,,,,,,,,,0.45,127.0,2.0
0.5687645687645688,0.5687645687645688,0.40298886031369463,0.8744690418243408,"{'classifier:__choice__': 'KNNClassifier', 'data_preprocessor:__choice__': 'NoPreprocessing', 'feature_preprocessor:__choice__': 'no_preprocessing', 'classifier:KNNClassifier:contamination': 0.35000000000000003, 'classifier:KNNClassifier:method': 'largest', 'classifier:KNNClassifier:n_neighbors': 73, 'classifier:KNNClassifier:p': 2}",232,Success,0.0,KNNClassifier,NoPreprocessing,no_preprocessing,,,,,,,,,,,,0.35000000000000003,largest,73.0,2.0,,,
0.7132867132867133,0.7132867132867133,0.4527097374095822,0.5997829437255859,"{'classifier:__choice__': 'IForestClassifier', 'data_preprocessor:__choice__': 'NoPreprocessing', 'feature_preprocessor:__choice__': 'no_preprocessing', 'classifier:IForestClassifier:bootstrap': 'False', 'classifier:IForestClassifier:contamination': 0.05, 'classifier:IForestClassifier:max_features': 1.0, 'classifier:IForestClassifier:max_samples': 0.45, 'classifier:IForestClassifier:n_estimators': 10}",139,Success,0.0,IForestClassifier,NoPreprocessing,no_preprocessing,,,,,,,False,0.05,1.0,0.45,10.0,,,,,,,
0.7925407925407926,0.7925407925407926,0.5324535934734135,1.6974682807922363,"{'classifier:__choice__': 'IForestClassifier', 'data_preprocessor:__choice__': 'NoPreprocessing', 'feature_preprocessor:__choice__': 'no_preprocessing', 'classifier:IForestClassifier:bootstrap': 'False', 'classifier:IForestClassifier:contamination': 0.2, 'classifier:IForestClassifier:max_features': 1.0, 'classifier:IForestClassifier:max_samples': 0.4, 'classifier:IForestClassifier:n_estimators': 165}",62,Success,0.0,IForestClassifier,NoPreprocessing,no_preprocessing,,,,,,,False,0.2,1.0,0.4,165.0,,,,,,,
0.592074592074592,0.592074592074592,0.4101429225505753,1.0457077026367188,"{'classifier:__choice__': 'KNNClassifier', 'data_preprocessor:__choice__': 'NoPreprocessing', 'feature_preprocessor:__choice__': 'no_preprocessing', 'classifier:KNNClassifier:contamination': 0.35000000000000003, 'classifier:KNNClassifier:method': 'largest', 'classifier:KNNClassifier:n_neighbors': 110, 'classifier:KNNClassifier:p': 2}",213,Success,0.0,KNNClassifier,NoPreprocessing,no_preprocessing,,,,,,,,,,,,0.35000000000000003,largest,110.0,2.0,,,
0.5128205128205128,0.5128205128205128,0.2847259694931914,0.6584117412567139,"{'classifier:__choice__': 'LOFClassifier', 'data_preprocessor:__choice__': 'NoPreprocessing', 'feature_preprocessor:__choice__': 'no_preprocessing', 'classifier:LOFClassifier:contamination': 0.15000000000000002, 'classifier:LOFClassifier:n_neighbors': 22, 'classifier:LOFClassifier:p': 2}",262,Success,0.0,LOFClassifier,NoPreprocessing,no_preprocessing,,,,,,,,,,,,,,,,0.15000000000000002,22.0,2.0
0.8228438228438228,0.8228438228438228,0.5592946872763225,1.2990283966064453,"{'classifier:__choice__': 'IForestClassifier', 'data_preprocessor:__choice__': 'NoPreprocessing', 'feature_preprocessor:__choice__': 'no_preprocessing', 'classifier:IForestClassifier:bootstrap': 'False', 'classifier:IForestClassifier:contamination': 0.05, 'classifier:IForestClassifier:max_features': 1.0, 'classifier:IForestClassifier:max_samples': 0.45, 'classifier:IForestClassifier:n_estimators': 125}",27,Success,0.0,IForestClassifier,NoPreprocessing,no_preprocessing,,,,,,,False,0.05,1.0,0.45,125.0,,,,,,,
0.0,,,0.5598692893981934,"{'classifier:__choice__': 'CBLOFClassifier', 'data_preprocessor:__choice__': 'NoPreprocessing', 'feature_preprocessor:__choice__': 'no_preprocessing', 'classifier:CBLOFClassifier:alpha': 0.75, 'classifier:CBLOFClassifier:beta': 14, 'classifier:CBLOFClassifier:contamination': 0.25, 'classifier:CBLOFClassifier:n_clusters': 2, 'classifier:CBLOFClassifier:use_weights': 'False'}",324,Crash,0.0,CBLOFClassifier,NoPreprocessing,no_preprocessing,0.75,14.0,0.25,2.0,False,,,,,,,,,,,,,
0.62004662004662,0.62004662004662,0.380821141346402,0.6734068393707275,"{'classifier:__choice__': 'LOFClassifier', 'data_preprocessor:__choice__': 'NoPreprocessing', 'feature_preprocessor:__choice__': 'no_preprocessing', 'classifier:LOFClassifier:contamination': 0.25, 'classifier:LOFClassifier:n_neighbors': 68, 'classifier:LOFClassifier:p': 2}",200,Success,0.0,LOFClassifier,NoPreprocessing,no_preprocessing,,,,,,,,,,,,,,,,0.25,68.0,2.0
0.752913752913753,0.752913752913753,0.478769732531488,1.4677951335906982,"{'classifier:__choice__': 'IForestClassifier', 'data_preprocessor:__choice__': 'NoPreprocessing', 'feature_preprocessor:__choice__': 'no_preprocessing', 'classifier:IForestClassifier:bootstrap': 'False', 'classifier:IForestClassifier:contamination': 0.05, 'classifier:IForestClassifier:max_features': 1.0, 'classifier:IForestClassifier:max_samples': 1.0, 'classifier:IForestClassifier:n_estimators': 110}",117,Success,0.0,IForestClassifier,NoPreprocessing,no_preprocessing,,,,,,,False,0.05,1.0,1.0,110.0,,,,,,,
0.8228438228438227,0.8228438228438227,0.5533669662470403,1.7331278324127197,"{'classifier:__choice__': 'IForestClassifier', 'data_preprocessor:__choice__': 'NoPreprocessing', 'feature_preprocessor:__choice__': 'no_preprocessing', 'classifier:IForestClassifier:bootstrap': 'False', 'classifier:IForestClassifier:contamination': 0.35000000000000003, 'classifier:IForestClassifier:max_features': 1.0, 'classifier:IForestClassifier:max_samples': 0.45, 'classifier:IForestClassifier:n_estimators': 170}",36,Success,0.0,IForestClassifier,NoPreprocessing,no_preprocessing,,,,,,,False,0.35000000000000003,1.0,0.45,170.0,,,,,,,
0.5268065268065268,0.5268065268065268,0.28350117434932764,0.6764106750488281,"{'classifier:__choice__': 'LOFClassifier', 'data_preprocessor:__choice__': 'NoPreprocessing', 'feature_preprocessor:__choice__': 'no_preprocessing', 'classifier:LOFClassifier:contamination': 0.1, 'classifier:LOFClassifier:n_neighbors': 40, 'classifier:LOFClassifier:p': 2}",249,Success,0.0,LOFClassifier,NoPreprocessing,no_preprocessing,,,,,,,,,,,,,,,,0.1,40.0,2.0
0.6363636363636364,0.6363636363636364,0.4339209401709402,0.5919954776763916,"{'classifier:__choice__': 'IForestClassifier', 'data_preprocessor:__choice__': 'NoPreprocessing', 'feature_preprocessor:__choice__': 'no_preprocessing', 'classifier:IForestClassifier:bootstrap': 'False', 'classifier:IForestClassifier:contamination': 0.2, 'classifier:IForestClassifier:max_features': 1.0, 'classifier:IForestClassifier:max_samples': 0.4, 'classifier:IForestClassifier:n_estimators': 10}",188,Success,0.0,IForestClassifier,NoPreprocessing,no_preprocessing,,,,,,,False,0.2,1.0,0.4,10.0,,,,,,,
0.8228438228438228,0.8228438228438228,0.5592946872763225,1.3293473720550537,"{'classifier:__choice__': 'IForestClassifier', 'data_preprocessor:__choice__': 'NoPreprocessing', 'feature_preprocessor:__choice__': 'no_preprocessing', 'classifier:IForestClassifier:bootstrap': 'False', 'classifier:IForestClassifier:contamination': 0.45, 'classifier:IForestClassifier:max_features': 1.0, 'classifier:IForestClassifier:max_samples': 0.45, 'classifier:IForestClassifier:n_estimators': 130}",27,Success,0.0,IForestClassifier,NoPreprocessing,no_preprocessing,,,,,,,False,0.45,1.0,0.45,130.0,,,,,,,
0.3543123543123543,0.3543123543123543,0.22200894699258333,2.2122957706451416,"{'classifier:__choice__': 'CBLOFClassifier', 'data_preprocessor:__choice__': 'NoPreprocessing', 'feature_preprocessor:__choice__': 'no_preprocessing', 'classifier:CBLOFClassifier:alpha': 0.6, 'classifier:CBLOFClassifier:beta': 12, 'classifier:CBLOFClassifier:contamination': 0.5, 'classifier:CBLOFClassifier:n_clusters': 6, 'classifier:CBLOFClassifier:use_weights': 'False'}",312,Success,0.0,CBLOFClassifier,NoPreprocessing,no_preprocessing,0.6,12.0,0.5,6.0,False,,,,,,,,,,,,,
0.7925407925407926,0.7925407925407926,0.5324535934734135,1.553565263748169,"{'classifier:__choice__': 'IForestClassifier', 'data_preprocessor:__choice__': 'NoPreprocessing', 'feature_preprocessor:__choice__': 'no_preprocessing', 'classifier:IForestClassifier:bootstrap': 'False', 'classifier:IForestClassifier:contamination': 0.45, 'classifier:IForestClassifier:max_features': 1.0, 'classifier:IForestClassifier:max_samples': 0.4, 'classifier:IForestClassifier:n_estimators': 165}",62,Success,0.0,IForestClassifier,NoPreprocessing,no_preprocessing,,,,,,,False,0.45,1.0,0.4,165.0,,,,,,,
0.8065268065268065,0.8065268065268065,0.5464703966046013,0.8482325077056885,"{'classifier:__choice__': 'IForestClassifier', 'data_preprocessor:__choice__': 'NoPreprocessing', 'feature_preprocessor:__choice__': 'no_preprocessing', 'classifier:IForestClassifier:bootstrap': 'False', 'classifier:IForestClassifier:contamination': 0.05, 'classifier:IForestClassifier:max_features': 1.0, 'classifier:IForestClassifier:max_samples': 0.45, 'classifier:IForestClassifier:n_estimators': 50}",51,Success,0.0,IForestClassifier,NoPreprocessing,no_preprocessing,,,,,,,False,0.05,1.0,0.45,50.0,,,,,,,
0.5128205128205129,0.5128205128205129,0.28674870557466203,0.6556253433227539,"{'classifier:__choice__': 'LOFClassifier', 'data_preprocessor:__choice__': 'NoPreprocessing', 'feature_preprocessor:__choice__': 'no_preprocessing', 'classifier:LOFClassifier:contamination': 0.5, 'classifier:LOFClassifier:n_neighbors': 17, 'classifier:LOFClassifier:p': 2}",260,Success,0.0,LOFClassifier,NoPreprocessing,no_preprocessing,,,,,,,,,,,,,,,,0.5,17.0,2.0
0.8251748251748252,0.8251748251748252,0.5634269186812811,1.5219635963439941,"{'classifier:__choice__': 'IForestClassifier', 'data_preprocessor:__choice__': 'NoPreprocessing', 'feature_preprocessor:__choice__': 'no_preprocessing', 'classifier:IForestClassifier:bootstrap': 'False', 'classifier:IForestClassifier:contamination': 0.45, 'classifier:IForestClassifier:max_features': 1.0, 'classifier:IForestClassifier:max_samples': 0.45, 'classifier:IForestClassifier:n_estimators': 135}",18,Success,0.0,IForestClassifier,NoPreprocessing,no_preprocessing,,,,,,,False,0.45,1.0,0.45,135.0,,,,,,,
0.8158508158508159,0.8158508158508159,0.5498007090323442,1.4023377895355225,"{'classifier:__choice__': 'IForestClassifier', 'data_preprocessor:__choice__': 'NoPreprocessing', 'feature_preprocessor:__choice__': 'no_preprocessing', 'classifier:IForestClassifier:bootstrap': 'False', 'classifier:IForestClassifier:contamination': 0.05, 'classifier:IForestClassifier:max_features': 1.0, 'classifier:IForestClassifier:max_samples': 0.45, 'classifier:IForestClassifier:n_estimators': 120}",47,Success,0.0,IForestClassifier,NoPreprocessing,no_preprocessing,,,,,,,False,0.05,1.0,0.45,120.0,,,,,,,
0.31701631701631694,0.31701631701631694,0.17353246629371888,2.310149669647217,"{'classifier:__choice__': 'CBLOFClassifier', 'data_preprocessor:__choice__': 'NoPreprocessing', 'feature_preprocessor:__choice__': 'no_preprocessing', 'classifier:CBLOFClassifier:alpha': 0.95, 'classifier:CBLOFClassifier:beta': 2, 'classifier:CBLOFClassifier:contamination': 0.5, 'classifier:CBLOFClassifier:n_clusters': 16, 'classifier:CBLOFClassifier:use_weights': 'False'}",323,Success,0.0,CBLOFClassifier,NoPreprocessing,no_preprocessing,0.95,2.0,0.5,16.0,False,,,,,,,,,,,,,
0.3706293706293706,0.3706293706293706,0.18365424672267416,2.356746196746826,"{'classifier:__choice__': 'CBLOFClassifier', 'data_preprocessor:__choice__': 'NoPreprocessing', 'feature_preprocessor:__choice__': 'no_preprocessing', 'classifier:CBLOFClassifier:alpha': 0.75, 'classifier:CBLOFClassifier:beta': 16, 'classifier:CBLOFClassifier:contamination': 0.15000000000000002, 'classifier:CBLOFClassifier:n_clusters': 16, 'classifier:CBLOFClassifier:use_weights': 'False'}",302,Success,0.0,CBLOFClassifier,NoPreprocessing,no_preprocessing,0.75,16.0,0.15000000000000002,16.0,False,,,,,,,,,,,,,
0.5897435897435898,0.5897435897435898,0.4099105233708077,0.8998801708221436,"{'classifier:__choice__': 'KNNClassifier', 'data_preprocessor:__choice__': 'NoPreprocessing', 'feature_preprocessor:__choice__': 'no_preprocessing', 'classifier:KNNClassifier:contamination': 0.2, 'classifier:KNNClassifier:method': 'largest', 'classifier:KNNClassifier:n_neighbors': 116, 'classifier:KNNClassifier:p': 2}",215,Success,0.0,KNNClassifier,NoPreprocessing,no_preprocessing,,,,,,,,,,,,0.2,largest,116.0,2.0,,,
0.5291375291375291,0.5291375291375291,0.2701365116798521,0.656609058380127,"{'classifier:__choice__': 'LOFClassifier', 'data_preprocessor:__choice__': 'NoPreprocessing', 'feature_preprocessor:__choice__': 'no_preprocessing', 'classifier:LOFClassifier:contamination': 0.3, 'classifier:LOFClassifier:n_neighbors': 42, 'classifier:LOFClassifier:p': 2}",247,Success,0.0,LOFClassifier,NoPreprocessing,no_preprocessing,,,,,,,,,,,,,,,,0.3,42.0,2.0
0.4941724941724942,0.4941724941724942,0.3340336673085621,0.6588876247406006,"{'classifier:__choice__': 'LOFClassifier', 'data_preprocessor:__choice__': 'NoPreprocessing', 'feature_preprocessor:__choice__': 'no_preprocessing', 'classifier:LOFClassifier:contamination': 0.35000000000000003, 'classifier:LOFClassifier:n_neighbors': 6, 'classifier:LOFClassifier:p': 2}",278,Success,0.0,LOFClassifier,NoPreprocessing,no_preprocessing,,,,,,,,,,,,,,,,0.35000000000000003,6.0,2.0
0.4242424242424243,0.4242424242424243,0.21452318781953317,2.267195224761963,"{'classifier:__choice__': 'CBLOFClassifier', 'data_preprocessor:__choice__': 'NoPreprocessing', 'feature_preprocessor:__choice__': 'no_preprocessing', 'classifier:CBLOFClassifier:alpha': 0.8, 'classifier:CBLOFClassifier:beta': 8, 'classifier:CBLOFClassifier:contamination': 0.3, 'classifier:CBLOFClassifier:n_clusters': 10, 'classifier:CBLOFClassifier:use_weights': 'False'}",293,Success,0.0,CBLOFClassifier,NoPreprocessing,no_preprocessing,0.8,8.0,0.3,10.0,False,,,,,,,,,,,,,
0.4638694638694638,0.4638694638694638,0.2508275649014653,2.2542922496795654,"{'classifier:__choice__': 'CBLOFClassifier', 'data_preprocessor:__choice__': 'NoPreprocessing', 'feature_preprocessor:__choice__': 'no_preprocessing', 'classifier:CBLOFClassifier:alpha': 0.55, 'classifier:CBLOFClassifier:beta': 6, 'classifier:CBLOFClassifier:contamination': 0.2, 'classifier:CBLOFClassifier:n_clusters': 12, 'classifier:CBLOFClassifier:use_weights': 'False'}",285,Success,0.0,CBLOFClassifier,NoPreprocessing,no_preprocessing,0.55,6.0,0.2,12.0,False,,,,,,,,,,,,,
0.6223776223776224,0.6223776223776224,0.42048325771235984,0.9460382461547852,"{'classifier:__choice__': 'KNNClassifier', 'data_preprocessor:__choice__': 'NoPreprocessing', 'feature_preprocessor:__choice__': 'no_preprocessing', 'classifier:KNNClassifier:contamination': 0.3, 'classifier:KNNClassifier:method': 'largest', 'classifier:KNNClassifier:n_neighbors': 166, 'classifier:KNNClassifier:p': 2}",196,Success,0.0,KNNClassifier,NoPreprocessing,no_preprocessing,,,,,,,,,,,,0.3,largest,166.0,2.0,,,
0.5710955710955712,0.5710955710955712,0.2981189884012325,0.6873471736907959,"{'classifier:__choice__': 'LOFClassifier', 'data_preprocessor:__choice__': 'NoPreprocessing', 'feature_preprocessor:__choice__': 'no_preprocessing', 'classifier:LOFClassifier:contamination': 0.45, 'classifier:LOFClassifier:n_neighbors': 51, 'classifier:LOFClassifier:p': 2}",229,Success,0.0,LOFClassifier,NoPreprocessing,no_preprocessing,,,,,,,,,,,,,,,,0.45,51.0,2.0
0.6386946386946386,0.6386946386946386,0.42769963221621365,1.095604658126831,"{'classifier:__choice__': 'KNNClassifier', 'data_preprocessor:__choice__': 'NoPreprocessing', 'feature_preprocessor:__choice__': 'no_preprocessing', 'classifier:KNNClassifier:contamination': 0.5, 'classifier:KNNClassifier:method': 'largest', 'classifier:KNNClassifier:n_neighbors': 191, 'classifier:KNNClassifier:p': 2}",186,Success,0.0,KNNClassifier,NoPreprocessing,no_preprocessing,,,,,,,,,,,,0.5,largest,191.0,2.0,,,
0.7482517482517482,0.7482517482517482,0.47333054571690936,1.869201898574829,"{'classifier:__choice__': 'IForestClassifier', 'data_preprocessor:__choice__': 'NoPreprocessing', 'feature_preprocessor:__choice__': 'no_preprocessing', 'classifier:IForestClassifier:bootstrap': 'False', 'classifier:IForestClassifier:contamination': 0.35000000000000003, 'classifier:IForestClassifier:max_features': 1.0, 'classifier:IForestClassifier:max_samples': 0.25, 'classifier:IForestClassifier:n_estimators': 200}",122,Success,0.0,IForestClassifier,NoPreprocessing,no_preprocessing,,,,,,,False,0.35000000000000003,1.0,0.25,200.0,,,,,,,
0.7878787878787878,0.7878787878787878,0.5234426659909106,1.4574778079986572,"{'classifier:__choice__': 'IForestClassifier', 'data_preprocessor:__choice__': 'NoPreprocessing', 'feature_preprocessor:__choice__': 'no_preprocessing', 'classifier:IForestClassifier:bootstrap': 'False', 'classifier:IForestClassifier:contamination': 0.35000000000000003, 'classifier:IForestClassifier:max_features': 1.0, 'classifier:IForestClassifier:max_samples': 0.5, 'classifier:IForestClassifier:n_estimators': 125}",72,Success,0.0,IForestClassifier,NoPreprocessing,no_preprocessing,,,,,,,False,0.35000000000000003,1.0,0.5,125.0,,,,,,,
0.8228438228438227,0.8228438228438227,0.5533669662470403,1.7005233764648438,"{'classifier:__choice__': 'IForestClassifier', 'data_preprocessor:__choice__': 'NoPreprocessing', 'feature_preprocessor:__choice__': 'no_preprocessing', 'classifier:IForestClassifier:bootstrap': 'False', 'classifier:IForestClassifier:contamination': 0.4, 'classifier:IForestClassifier:max_features': 1.0, 'classifier:IForestClassifier:max_samples': 0.45, 'classifier:IForestClassifier:n_estimators': 170}",36,Success,0.0,IForestClassifier,NoPreprocessing,no_preprocessing,,,,,,,False,0.4,1.0,0.45,170.0,,,,,,,
0.6993006993006993,0.6993006993006993,0.44332642370919884,0.8480122089385986,"{'classifier:__choice__': 'LOFClassifier', 'data_preprocessor:__choice__': 'NoPreprocessing', 'feature_preprocessor:__choice__': 'no_preprocessing', 'classifier:LOFClassifier:contamination': 0.05, 'classifier:LOFClassifier:n_neighbors': 128, 'classifier:LOFClassifier:p': 2}",159,Success,0.0,LOFClassifier,NoPreprocessing,no_preprocessing,,,,,,,,,,,,,,,,0.05,128.0,2.0
0.35198135198135205,0.35198135198135205,0.18015172846258332,2.316962480545044,"{'classifier:__choice__': 'CBLOFClassifier', 'data_preprocessor:__choice__': 'NoPreprocessing', 'feature_preprocessor:__choice__': 'no_preprocessing', 'classifier:CBLOFClassifier:alpha': 0.8500000000000001, 'classifier:CBLOFClassifier:beta': 4, 'classifier:CBLOFClassifier:contamination': 0.4, 'classifier:CBLOFClassifier:n_clusters': 16, 'classifier:CBLOFClassifier:use_weights': 'False'}",321,Success,0.0,CBLOFClassifier,NoPreprocessing,no_preprocessing,0.8500000000000001,4.0,0.4,16.0,False,,,,,,,,,,,,,
0.5337995337995338,0.5337995337995338,0.35845642062133787,0.8743569850921631,"{'classifier:__choice__': 'KNNClassifier', 'data_preprocessor:__choice__': 'NoPreprocessing', 'feature_preprocessor:__choice__': 'no_preprocessing', 'classifier:KNNClassifier:contamination': 0.35000000000000003, 'classifier:KNNClassifier:method': 'largest', 'classifier:KNNClassifier:n_neighbors': 56, 'classifier:KNNClassifier:p': 2}",242,Success,0.0,KNNClassifier,NoPreprocessing,no_preprocessing,,,,,,,,,,,,0.35000000000000003,largest,56.0,2.0,,,
0.5477855477855478,0.5477855477855478,0.34670008354218884,0.6680684089660645,"{'classifier:__choice__': 'LOFClassifier', 'data_preprocessor:__choice__': 'NoPreprocessing', 'feature_preprocessor:__choice__': 'no_preprocessing', 'classifier:LOFClassifier:contamination': 0.5, 'classifier:LOFClassifier:n_neighbors': 12, 'classifier:LOFClassifier:p': 2}",235,Success,0.0,LOFClassifier,NoPreprocessing,no_preprocessing,,,,,,,,,,,,,,,,0.5,12.0,2.0
0.0,,,0.5041329860687256,"{'classifier:__choice__': 'CBLOFClassifier', 'data_preprocessor:__choice__': 'NoPreprocessing', 'feature_preprocessor:__choice__': 'no_preprocessing', 'classifier:CBLOFClassifier:alpha': 1.0, 'classifier:CBLOFClassifier:beta': 12, 'classifier:CBLOFClassifier:contamination': 0.45, 'classifier:CBLOFClassifier:n_clusters': 10, 'classifier:CBLOFClassifier:use_weights': 'False'}",324,Crash,0.0,CBLOFClassifier,NoPreprocessing,no_preprocessing,1.0,12.0,0.45,10.0,False,,,,,,,,,,,,,
0.6503496503496504,0.6503496503496504,0.4097249241986084,0.7019567489624023,"{'classifier:__choice__': 'LOFClassifier', 'data_preprocessor:__choice__': 'NoPreprocessing', 'feature_preprocessor:__choice__': 'no_preprocessing', 'classifier:LOFClassifier:contamination': 0.25, 'classifier:LOFClassifier:n_neighbors': 90, 'classifier:LOFClassifier:p': 2}",175,Success,0.0,LOFClassifier,NoPreprocessing,no_preprocessing,,,,,,,,,,,,,,,,0.25,90.0,2.0
0.5757575757575758,0.5757575757575758,0.4054781054858666,0.8963024616241455,"{'classifier:__choice__': 'KNNClassifier', 'data_preprocessor:__choice__': 'NoPreprocessing', 'feature_preprocessor:__choice__': 'no_preprocessing', 'classifier:KNNClassifier:contamination': 0.35000000000000003, 'classifier:KNNClassifier:method': 'largest', 'classifier:KNNClassifier:n_neighbors': 77, 'classifier:KNNClassifier:p': 2}",226,Success,0.0,KNNClassifier,NoPreprocessing,no_preprocessing,,,,,,,,,,,,0.35000000000000003,largest,77.0,2.0,,,
0.682983682983683,0.682983682983683,0.42605090776405985,0.8336367607116699,"{'classifier:__choice__': 'LOFClassifier', 'data_preprocessor:__choice__': 'NoPreprocessing', 'feature_preprocessor:__choice__': 'no_preprocessing', 'classifier:LOFClassifier:contamination': 0.15000000000000002, 'classifier:LOFClassifier:n_neighbors': 114, 'classifier:LOFClassifier:p': 2}",167,Success,0.0,LOFClassifier,NoPreprocessing,no_preprocessing,,,,,,,,,,,,,,,,0.15000000000000002,114.0,2.0
0.5920745920745921,0.5920745920745921,0.3168063783149173,0.8098232746124268,"{'classifier:__choice__': 'LOFClassifier', 'data_preprocessor:__choice__': 'NoPreprocessing', 'feature_preprocessor:__choice__': 'no_preprocessing', 'classifier:LOFClassifier:contamination': 0.45, 'classifier:LOFClassifier:n_neighbors': 58, 'classifier:LOFClassifier:p': 2}",210,Success,0.0,LOFClassifier,NoPreprocessing,no_preprocessing,,,,,,,,,,,,,,,,0.45,58.0,2.0
0.7319347319347319,0.7319347319347319,0.4918118433533134,0.9692411422729492,"{'classifier:__choice__': 'IForestClassifier', 'data_preprocessor:__choice__': 'NoPreprocessing', 'feature_preprocessor:__choice__': 'no_preprocessing', 'classifier:IForestClassifier:bootstrap': 'False', 'classifier:IForestClassifier:contamination': 0.35000000000000003, 'classifier:IForestClassifier:max_features': 1.0, 'classifier:IForestClassifier:max_samples': 0.35000000000000003, 'classifier:IForestClassifier:n_estimators': 50}",134,Success,0.0,IForestClassifier,NoPreprocessing,no_preprocessing,,,,,,,False,0.35000000000000003,1.0,0.35000000000000003,50.0,,,,,,,
0.6456876456876457,0.6456876456876457,0.4158414086279698,2.4354324340820312,"{'classifier:__choice__': 'CBLOFClassifier', 'data_preprocessor:__choice__': 'NoPreprocessing', 'feature_preprocessor:__choice__': 'no_preprocessing', 'classifier:CBLOFClassifier:alpha': 0.55, 'classifier:CBLOFClassifier:beta': 16, 'classifier:CBLOFClassifier:contamination': 0.35000000000000003, 'classifier:CBLOFClassifier:n_clusters': 14, 'classifier:CBLOFClassifier:use_weights': 'False'}",178,Success,0.0,CBLOFClassifier,NoPreprocessing,no_preprocessing,0.55,16.0,0.35000000000000003,14.0,False,,,,,,,,,,,,,
0.41491841491841486,0.41491841491841486,0.21582868960256274,0.6039724349975586,"{'classifier:__choice__': 'LOFClassifier', 'data_preprocessor:__choice__': 'NoPreprocessing', 'feature_preprocessor:__choice__': 'no_preprocessing', 'classifier:LOFClassifier:contamination': 0.3, 'classifier:LOFClassifier:n_neighbors': 2, 'classifier:LOFClassifier:p': 2}",297,Success,0.0,LOFClassifier,NoPreprocessing,no_preprocessing,,,,,,,,,,,,,,,,0.3,2.0,2.0
0.8321678321678322,0.8321678321678322,0.5649186969513649,1.5724072456359863,"{'classifier:__choice__': 'IForestClassifier', 'data_preprocessor:__choice__': 'NoPreprocessing', 'feature_preprocessor:__choice__': 'no_preprocessing', 'classifier:IForestClassifier:bootstrap': 'False', 'classifier:IForestClassifier:contamination': 0.1, 'classifier:IForestClassifier:max_features': 1.0, 'classifier:IForestClassifier:max_samples': 0.45, 'classifier:IForestClassifier:n_estimators': 165}",1,Success,0.0,IForestClassifier,NoPreprocessing,no_preprocessing,,,,,,,False,0.1,1.0,0.45,165.0,,,,,,,
0.0,,,0.5040817260742188,"{'classifier:__choice__': 'CBLOFClassifier', 'data_preprocessor:__choice__': 'NoPreprocessing', 'feature_preprocessor:__choice__': 'no_preprocessing', 'classifier:CBLOFClassifier:alpha': 1.0, 'classifier:CBLOFClassifier:beta': 12, 'classifier:CBLOFClassifier:contamination': 0.25, 'classifier:CBLOFClassifier:n_clusters': 6, 'classifier:CBLOFClassifier:use_weights': 'False'}",324,Crash,0.0,CBLOFClassifier,NoPreprocessing,no_preprocessing,1.0,12.0,0.25,6.0,False,,,,,,,,,,,,,
0.5221445221445221,0.5221445221445221,0.3558055091363913,0.8515646457672119,"{'classifier:__choice__': 'KNNClassifier', 'data_preprocessor:__choice__': 'NoPreprocessing', 'feature_preprocessor:__choice__': 'no_preprocessing', 'classifier:KNNClassifier:contamination': 0.4, 'classifier:KNNClassifier:method': 'largest', 'classifier:KNNClassifier:n_neighbors': 50, 'classifier:KNNClassifier:p': 2}",255,Success,0.0,KNNClassifier,NoPreprocessing,no_preprocessing,,,,,,,,,,,,0.4,largest,50.0,2.0,,,
0.6456876456876457,0.6456876456876457,0.4158414086279698,2.2732667922973633,"{'classifier:__choice__': 'CBLOFClassifier', 'data_preprocessor:__choice__': 'NoPreprocessing', 'feature_preprocessor:__choice__': 'no_preprocessing', 'classifier:CBLOFClassifier:alpha': 0.55, 'classifier:CBLOFClassifier:beta': 10, 'classifier:CBLOFClassifier:contamination': 0.1, 'classifier:CBLOFClassifier:n_clusters': 14, 'classifier:CBLOFClassifier:use_weights': 'False'}",178,Success,0.0,CBLOFClassifier,NoPreprocessing,no_preprocessing,0.55,10.0,0.1,14.0,False,,,,,,,,,,,,,
0.5081585081585082,0.5081585081585082,0.35176546050386237,0.8401870727539062,"{'classifier:__choice__': 'KNNClassifier', 'data_preprocessor:__choice__': 'NoPreprocessing', 'feature_preprocessor:__choice__': 'no_preprocessing', 'classifier:KNNClassifier:contamination': 0.25, 'classifier:KNNClassifier:method': 'largest', 'classifier:KNNClassifier:n_neighbors': 33, 'classifier:KNNClassifier:p': 2}",265,Success,0.0,KNNClassifier,NoPreprocessing,no_preprocessing,,,,,,,,,,,,0.25,largest,33.0,2.0,,,
0.4055944055944056,0.4055944055944056,0.20946643974509283,2.332648277282715,"{'classifier:__choice__': 'CBLOFClassifier', 'data_preprocessor:__choice__': 'NoPreprocessing', 'feature_preprocessor:__choice__': 'no_preprocessing', 'classifier:CBLOFClassifier:alpha': 0.7, 'classifier:CBLOFClassifier:beta': 18, 'classifier:CBLOFClassifier:contamination': 0.2, 'classifier:CBLOFClassifier:n_clusters': 10, 'classifier:CBLOFClassifier:use_weights': 'False'}",300,Success,0.0,CBLOFClassifier,NoPreprocessing,no_preprocessing,0.7,18.0,0.2,10.0,False,,,,,,,,,,,,,
0.5058275058275058,0.5058275058275058,0.2817181580244812,2.40449595451355,"{'classifier:__choice__': 'CBLOFClassifier', 'data_preprocessor:__choice__': 'NoPreprocessing', 'feature_preprocessor:__choice__': 'no_preprocessing', 'classifier:CBLOFClassifier:alpha': 0.65, 'classifier:CBLOFClassifier:beta': 6, 'classifier:CBLOFClassifier:contamination': 0.25, 'classifier:CBLOFClassifier:n_clusters': 12, 'classifier:CBLOFClassifier:use_weights': 'False'}",269,Success,0.0,CBLOFClassifier,NoPreprocessing,no_preprocessing,0.65,6.0,0.25,12.0,False,,,,,,,,,,,,,
0.752913752913753,0.752913752913753,0.478769732531488,1.376255989074707,"{'classifier:__choice__': 'IForestClassifier', 'data_preprocessor:__choice__': 'NoPreprocessing', 'feature_preprocessor:__choice__': 'no_preprocessing', 'classifier:IForestClassifier:bootstrap': 'False', 'classifier:IForestClassifier:contamination': 0.4, 'classifier:IForestClassifier:max_features': 1.0, 'classifier:IForestClassifier:max_samples': 1.0, 'classifier:IForestClassifier:n_estimators': 110}",117,Success,0.0,IForestClassifier,NoPreprocessing,no_preprocessing,,,,,,,False,0.4,1.0,1.0,110.0,,,,,,,
0.7645687645687645,0.7645687645687645,0.4856026482350443,1.8427174091339111,"{'classifier:__choice__': 'IForestClassifier', 'data_preprocessor:__choice__': 'NoPreprocessing', 'feature_preprocessor:__choice__': 'no_preprocessing', 'classifier:IForestClassifier:bootstrap': 'False', 'classifier:IForestClassifier:contamination': 0.2, 'classifier:IForestClassifier:max_features': 1.0, 'classifier:IForestClassifier:max_samples': 0.30000000000000004, 'classifier:IForestClassifier:n_estimators': 195}",106,Success,0.0,IForestClassifier,NoPreprocessing,no_preprocessing,,,,,,,False,0.2,1.0,0.30000000000000004,195.0,,,,,,,
0.4242424242424243,0.4242424242424243,0.21452318781953317,2.4207699298858643,"{'classifier:__choice__': 'CBLOFClassifier', 'data_preprocessor:__choice__': 'NoPreprocessing', 'feature_preprocessor:__choice__': 'no_preprocessing', 'classifier:CBLOFClassifier:alpha': 0.8500000000000001, 'classifier:CBLOFClassifier:beta': 8, 'classifier:CBLOFClassifier:contamination': 0.45, 'classifier:CBLOFClassifier:n_clusters': 10, 'classifier:CBLOFClassifier:use_weights': 'False'}",293,Success,0.0,CBLOFClassifier,NoPreprocessing,no_preprocessing,0.8500000000000001,8.0,0.45,10.0,False,,,,,,,,,,,,,
0.6386946386946386,0.6386946386946386,0.42769963221621365,1.0929088592529297,"{'classifier:__choice__': 'KNNClassifier', 'data_preprocessor:__choice__': 'NoPreprocessing', 'feature_preprocessor:__choice__': 'no_preprocessing', 'classifier:KNNClassifier:contamination': 0.1, 'classifier:KNNClassifier:method': 'largest', 'classifier:KNNClassifier:n_neighbors': 189, 'classifier:KNNClassifier:p': 2}",186,Success,0.0,KNNClassifier,NoPreprocessing,no_preprocessing,,,,,,,,,,,,0.1,largest,189.0,2.0,,,
0.7062937062937062,0.7062937062937062,0.44654944767525684,0.8791742324829102,"{'classifier:__choice__': 'LOFClassifier', 'data_preprocessor:__choice__': 'NoPreprocessing', 'feature_preprocessor:__choice__': 'no_preprocessing', 'classifier:LOFClassifier:contamination': 0.5, 'classifier:LOFClassifier:n_neighbors': 157, 'classifier:LOFClassifier:p': 2}",152,Success,0.0,LOFClassifier,NoPreprocessing,no_preprocessing,,,,,,,,,,,,,,,,0.5,157.0,2.0
0.5151515151515151,0.5151515151515151,0.2819237046376084,0.6516225337982178,"{'classifier:__choice__': 'LOFClassifier', 'data_preprocessor:__choice__': 'NoPreprocessing', 'feature_preprocessor:__choice__': 'no_preprocessing', 'classifier:LOFClassifier:contamination': 0.2, 'classifier:LOFClassifier:n_neighbors': 26, 'classifier:LOFClassifier:p': 2}",257,Success,0.0,LOFClassifier,NoPreprocessing,no_preprocessing,,,,,,,,,,,,,,,,0.2,26.0,2.0
0.4055944055944056,0.4055944055944056,0.20946643974509283,2.342433214187622,"{'classifier:__choice__': 'CBLOFClassifier', 'data_preprocessor:__choice__': 'NoPreprocessing', 'feature_preprocessor:__choice__': 'no_preprocessing', 'classifier:CBLOFClassifier:alpha': 0.75, 'classifier:CBLOFClassifier:beta': 8, 'classifier:CBLOFClassifier:contamination': 0.45, 'classifier:CBLOFClassifier:n_clusters': 10, 'classifier:CBLOFClassifier:use_weights': 'False'}",300,Success,0.0,CBLOFClassifier,NoPreprocessing,no_preprocessing,0.75,8.0,0.45,10.0,False,,,,,,,,,,,,,
0.43822843822843827,0.43822843822843827,0.2155308650601362,2.279940128326416,"{'classifier:__choice__': 'CBLOFClassifier', 'data_preprocessor:__choice__': 'NoPreprocessing', 'feature_preprocessor:__choice__': 'no_preprocessing', 'classifier:CBLOFClassifier:alpha': 0.9, 'classifier:CBLOFClassifier:beta': 6, 'classifier:CBLOFClassifier:contamination': 0.05, 'classifier:CBLOFClassifier:n_clusters': 10, 'classifier:CBLOFClassifier:use_weights': 'False'}",290,Success,0.0,CBLOFClassifier,NoPreprocessing,no_preprocessing,0.9,6.0,0.05,10.0,False,,,,,,,,,,,,,
0.8135198135198135,0.8135198135198135,0.5462227688551649,1.754636287689209,"{'classifier:__choice__': 'IForestClassifier', 'data_preprocessor:__choice__': 'NoPreprocessing', 'feature_preprocessor:__choice__': 'no_preprocessing', 'classifier:IForestClassifier:bootstrap': 'False', 'classifier:IForestClassifier:contamination': 0.2, 'classifier:IForestClassifier:max_features': 1.0, 'classifier:IForestClassifier:max_samples': 0.45, 'classifier:IForestClassifier:n_estimators': 195}",50,Success,0.0,IForestClassifier,NoPreprocessing,no_preprocessing,,,,,,,False,0.2,1.0,0.45,195.0,,,,,,,
0.6223776223776224,0.6223776223776224,0.4208129280420302,0.9251577854156494,"{'classifier:__choice__': 'KNNClassifier', 'data_preprocessor:__choice__': 'NoPreprocessing', 'feature_preprocessor:__choice__': 'no_preprocessing', 'classifier:KNNClassifier:contamination': 0.5, 'classifier:KNNClassifier:method': 'largest', 'classifier:KNNClassifier:n_neighbors': 148, 'classifier:KNNClassifier:p': 2}",196,Success,0.0,KNNClassifier,NoPreprocessing,no_preprocessing,,,,,,,,,,,,0.5,largest,148.0,2.0,,,
0.5827505827505828,0.5827505827505828,0.31258106627671856,0.5627045631408691,"{'classifier:__choice__': 'IForestClassifier', 'data_preprocessor:__choice__': 'NoPreprocessing', 'feature_preprocessor:__choice__': 'no_preprocessing', 'classifier:IForestClassifier:bootstrap': 'False', 'classifier:IForestClassifier:contamination': 0.15000000000000002, 'classifier:IForestClassifier:max_features': 1.0, 'classifier:IForestClassifier:max_samples': 0.8, 'classifier:IForestClassifier:n_estimators': 5}",218,Success,0.0,IForestClassifier,NoPreprocessing,no_preprocessing,,,,,,,False,0.15000000000000002,1.0,0.8,5.0,,,,,,,
0.8228438228438227,0.8228438228438227,0.5533669662470403,1.6316075325012207,"{'classifier:__choice__': 'IForestClassifier', 'data_preprocessor:__choice__': 'NoPreprocessing', 'feature_preprocessor:__choice__': 'no_preprocessing', 'classifier:IForestClassifier:bootstrap': 'False', 'classifier:IForestClassifier:contamination': 0.5, 'classifier:IForestClassifier:max_features': 1.0, 'classifier:IForestClassifier:max_samples': 0.45, 'classifier:IForestClassifier:n_estimators': 170}",36,Success,0.0,IForestClassifier,NoPreprocessing,no_preprocessing,,,,,,,False,0.5,1.0,0.45,170.0,,,,,,,
0.738927738927739,0.738927738927739,0.46710598360795985,0.8086464405059814,"{'classifier:__choice__': 'IForestClassifier', 'data_preprocessor:__choice__': 'NoPreprocessing', 'feature_preprocessor:__choice__': 'no_preprocessing', 'classifier:IForestClassifier:bootstrap': 'False', 'classifier:IForestClassifier:contamination': 0.3, 'classifier:IForestClassifier:max_features': 1.0, 'classifier:IForestClassifier:max_samples': 1.0, 'classifier:IForestClassifier:n_estimators': 20}",132,Success,0.0,IForestClassifier,NoPreprocessing,no_preprocessing,,,,,,,False,0.3,1.0,1.0,20.0,,,,,,,
0.6853146853146853,0.6853146853146853,0.4267334084465605,0.8328366279602051,"{'classifier:__choice__': 'LOFClassifier', 'data_preprocessor:__choice__': 'NoPreprocessing', 'feature_preprocessor:__choice__': 'no_preprocessing', 'classifier:LOFClassifier:contamination': 0.35000000000000003, 'classifier:LOFClassifier:n_neighbors': 108, 'classifier:LOFClassifier:p': 2}",165,Success,0.0,LOFClassifier,NoPreprocessing,no_preprocessing,,,,,,,,,,,,,,,,0.35000000000000003,108.0,2.0
0.7505827505827506,0.7505827505827506,0.4728876896121572,1.5565121173858643,"{'classifier:__choice__': 'IForestClassifier', 'data_preprocessor:__choice__': 'NoPreprocessing', 'feature_preprocessor:__choice__': 'no_preprocessing', 'classifier:IForestClassifier:bootstrap': 'False', 'classifier:IForestClassifier:contamination': 0.5, 'classifier:IForestClassifier:max_features': 1.0, 'classifier:IForestClassifier:max_samples': 0.30000000000000004, 'classifier:IForestClassifier:n_estimators': 145}",119,Success,0.0,IForestClassifier,NoPreprocessing,no_preprocessing,,,,,,,False,0.5,1.0,0.30000000000000004,145.0,,,,,,,
0.710955710955711,0.710955710955711,0.46770090423341193,0.8595702648162842,"{'classifier:__choice__': 'LOFClassifier', 'data_preprocessor:__choice__': 'NoPreprocessing', 'feature_preprocessor:__choice__': 'no_preprocessing', 'classifier:LOFClassifier:contamination': 0.1, 'classifier:LOFClassifier:n_neighbors': 178, 'classifier:LOFClassifier:p': 2}",144,Success,0.0,LOFClassifier,NoPreprocessing,no_preprocessing,,,,,,,,,,,,,,,,0.1,178.0,2.0
0.5337995337995338,0.5337995337995338,0.2516687816617753,0.7606709003448486,"{'classifier:__choice__': 'IForestClassifier', 'data_preprocessor:__choice__': 'NoPreprocessing', 'feature_preprocessor:__choice__': 'no_preprocessing', 'classifier:IForestClassifier:bootstrap': 'False', 'classifier:IForestClassifier:contamination': 0.2, 'classifier:IForestClassifier:max_features': 1.0, 'classifier:IForestClassifier:max_samples': 0.30000000000000004, 'classifier:IForestClassifier:n_estimators': 10}",242,Success,0.0,IForestClassifier,NoPreprocessing,no_preprocessing,,,,,,,False,0.2,1.0,0.30000000000000004,10.0,,,,,,,
0.7645687645687647,0.7645687645687647,0.5251463730758829,1.0704381465911865,"{'classifier:__choice__': 'IForestClassifier', 'data_preprocessor:__choice__': 'NoPreprocessing', 'feature_preprocessor:__choice__': 'no_preprocessing', 'classifier:IForestClassifier:bootstrap': 'False', 'classifier:IForestClassifier:contamination': 0.35000000000000003, 'classifier:IForestClassifier:max_features': 1.0, 'classifier:IForestClassifier:max_samples': 0.75, 'classifier:IForestClassifier:n_estimators': 85}",104,Success,0.0,IForestClassifier,NoPreprocessing,no_preprocessing,,,,,,,False,0.35000000000000003,1.0,0.75,85.0,,,,,,,
0.7668997668997668,0.7668997668997668,0.4874176328721783,0.8834881782531738,"{'classifier:__choice__': 'IForestClassifier', 'data_preprocessor:__choice__': 'NoPreprocessing', 'feature_preprocessor:__choice__': 'no_preprocessing', 'classifier:IForestClassifier:bootstrap': 'False', 'classifier:IForestClassifier:contamination': 0.1, 'classifier:IForestClassifier:max_features': 1.0, 'classifier:IForestClassifier:max_samples': 0.8500000000000001, 'classifier:IForestClassifier:n_estimators': 55}",103,Success,0.0,IForestClassifier,NoPreprocessing,no_preprocessing,,,,,,,False,0.1,1.0,0.8500000000000001,55.0,,,,,,,
0.8065268065268065,0.8065268065268065,0.5464703966046013,0.832348108291626,"{'classifier:__choice__': 'IForestClassifier', 'data_preprocessor:__choice__': 'NoPreprocessing', 'feature_preprocessor:__choice__': 'no_preprocessing', 'classifier:IForestClassifier:bootstrap': 'False', 'classifier:IForestClassifier:contamination': 0.15000000000000002, 'classifier:IForestClassifier:max_features': 1.0, 'classifier:IForestClassifier:max_samples': 0.45, 'classifier:IForestClassifier:n_estimators': 50}",51,Success,0.0,IForestClassifier,NoPreprocessing,no_preprocessing,,,,,,,False,0.15000000000000002,1.0,0.45,50.0,,,,,,,
0.5151515151515151,0.5151515151515151,0.2831269758610613,0.6539826393127441,"{'classifier:__choice__': 'LOFClassifier', 'data_preprocessor:__choice__': 'NoPreprocessing', 'feature_preprocessor:__choice__': 'no_preprocessing', 'classifier:LOFClassifier:contamination': 0.15000000000000002, 'classifier:LOFClassifier:n_neighbors': 16, 'classifier:LOFClassifier:p': 2}",257,Success,0.0,LOFClassifier,NoPreprocessing,no_preprocessing,,,,,,,,,,,,,,,,0.15000000000000002,16.0,2.0
0.7412587412587414,0.7412587412587414,0.5271989374262102,0.8387515544891357,"{'classifier:__choice__': 'IForestClassifier', 'data_preprocessor:__choice__': 'NoPreprocessing', 'feature_preprocessor:__choice__': 'no_preprocessing', 'classifier:IForestClassifier:bootstrap': 'False', 'classifier:IForestClassifier:contamination': 0.1, 'classifier:IForestClassifier:max_features': 1.0, 'classifier:IForestClassifier:max_samples': 0.55, 'classifier:IForestClassifier:n_estimators': 50}",131,Success,0.0,IForestClassifier,NoPreprocessing,no_preprocessing,,,,,,,False,0.1,1.0,0.55,50.0,,,,,,,
0.7972027972027973,0.7972027972027973,0.5522055769900598,1.355489730834961,"{'classifier:__choice__': 'IForestClassifier', 'data_preprocessor:__choice__': 'NoPreprocessing', 'feature_preprocessor:__choice__': 'no_preprocessing', 'classifier:IForestClassifier:bootstrap': 'False', 'classifier:IForestClassifier:contamination': 0.15000000000000002, 'classifier:IForestClassifier:max_features': 1.0, 'classifier:IForestClassifier:max_samples': 0.7, 'classifier:IForestClassifier:n_estimators': 130}",58,Success,0.0,IForestClassifier,NoPreprocessing,no_preprocessing,,,,,,,False,0.15000000000000002,1.0,0.7,130.0,,,,,,,
0.641025641025641,0.641025641025641,0.42847442560464344,1.0158257484436035,"{'classifier:__choice__': 'KNNClassifier', 'data_preprocessor:__choice__': 'NoPreprocessing', 'feature_preprocessor:__choice__': 'no_preprocessing', 'classifier:KNNClassifier:contamination': 0.3, 'classifier:KNNClassifier:method': 'largest', 'classifier:KNNClassifier:n_neighbors': 197, 'classifier:KNNClassifier:p': 2}",183,Success,0.0,KNNClassifier,NoPreprocessing,no_preprocessing,,,,,,,,,,,,0.3,largest,197.0,2.0,,,
0.35897435897435903,0.35897435897435903,0.21379736742316025,2.2359626293182373,"{'classifier:__choice__': 'CBLOFClassifier', 'data_preprocessor:__choice__': 'NoPreprocessing', 'feature_preprocessor:__choice__': 'no_preprocessing', 'classifier:CBLOFClassifier:alpha': 0.65, 'classifier:CBLOFClassifier:beta': 14, 'classifier:CBLOFClassifier:contamination': 0.15000000000000002, 'classifier:CBLOFClassifier:n_clusters': 8, 'classifier:CBLOFClassifier:use_weights': 'False'}",309,Success,0.0,CBLOFClassifier,NoPreprocessing,no_preprocessing,0.65,14.0,0.15000000000000002,8.0,False,,,,,,,,,,,,,
0.6526806526806527,0.6526806526806527,0.4101323684915016,0.6808722019195557,"{'classifier:__choice__': 'LOFClassifier', 'data_preprocessor:__choice__': 'NoPreprocessing', 'feature_preprocessor:__choice__': 'no_preprocessing', 'classifier:LOFClassifier:contamination': 0.5, 'classifier:LOFClassifier:n_neighbors': 93, 'classifier:LOFClassifier:p': 2}",174,Success,0.0,LOFClassifier,NoPreprocessing,no_preprocessing,,,,,,,,,,,,,,,,0.5,93.0,2.0
0.3543123543123543,0.3543123543123543,0.22200894699258333,2.285108804702759,"{'classifier:__choice__': 'CBLOFClassifier', 'data_preprocessor:__choice__': 'NoPreprocessing', 'feature_preprocessor:__choice__': 'no_preprocessing', 'classifier:CBLOFClassifier:alpha': 0.9, 'classifier:CBLOFClassifier:beta': 18, 'classifier:CBLOFClassifier:contamination': 0.25, 'classifier:CBLOFClassifier:n_clusters': 6, 'classifier:CBLOFClassifier:use_weights': 'False'}",312,Success,0.0,CBLOFClassifier,NoPreprocessing,no_preprocessing,0.9,18.0,0.25,6.0,False,,,,,,,,,,,,,
0.8018648018648019,0.8018648018648019,0.5390777892119939,0.9406254291534424,"{'classifier:__choice__': 'IForestClassifier', 'data_preprocessor:__choice__': 'NoPreprocessing', 'feature_preprocessor:__choice__': 'no_preprocessing', 'classifier:IForestClassifier:bootstrap': 'False', 'classifier:IForestClassifier:contamination': 0.2, 'classifier:IForestClassifier:max_features': 1.0, 'classifier:IForestClassifier:max_samples': 0.45, 'classifier:IForestClassifier:n_estimators': 45}",54,Success,0.0,IForestClassifier,NoPreprocessing,no_preprocessing,,,,,,,False,0.2,1.0,0.45,45.0,,,,,,,
0.6689976689976691,0.6689976689976691,0.42059697178380806,0.6880941390991211,"{'classifier:__choice__': 'LOFClassifier', 'data_preprocessor:__choice__': 'NoPreprocessing', 'feature_preprocessor:__choice__': 'no_preprocessing', 'classifier:LOFClassifier:contamination': 0.2, 'classifier:LOFClassifier:n_neighbors': 103, 'classifier:LOFClassifier:p': 2}",169,Success,0.0,LOFClassifier,NoPreprocessing,no_preprocessing,,,,,,,,,,,,,,,,0.2,103.0,2.0
0.6946386946386947,0.6946386946386947,0.4412481001881876,0.6954140663146973,"{'classifier:__choice__': 'LOFClassifier', 'data_preprocessor:__choice__': 'NoPreprocessing', 'feature_preprocessor:__choice__': 'no_preprocessing', 'classifier:LOFClassifier:contamination': 0.1, 'classifier:LOFClassifier:n_neighbors': 121, 'classifier:LOFClassifier:p': 2}",163,Success,0.0,LOFClassifier,NoPreprocessing,no_preprocessing,,,,,,,,,,,,,,,,0.1,121.0,2.0
0.0,,,0.5023460388183594,"{'classifier:__choice__': 'CBLOFClassifier', 'data_preprocessor:__choice__': 'NoPreprocessing', 'feature_preprocessor:__choice__': 'no_preprocessing', 'classifier:CBLOFClassifier:alpha': 1.0, 'classifier:CBLOFClassifier:beta': 10, 'classifier:CBLOFClassifier:contamination': 0.5, 'classifier:CBLOFClassifier:n_clusters': 6, 'classifier:CBLOFClassifier:use_weights': 'False'}",324,Crash,0.0,CBLOFClassifier,NoPreprocessing,no_preprocessing,1.0,10.0,0.5,6.0,False,,,,,,,,,,,,,
0.7832167832167833,0.7832167832167833,0.5257372647040075,0.7755782604217529,"{'classifier:__choice__': 'IForestClassifier', 'data_preprocessor:__choice__': 'NoPreprocessing', 'feature_preprocessor:__choice__': 'no_preprocessing', 'classifier:IForestClassifier:bootstrap': 'False', 'classifier:IForestClassifier:contamination': 0.2, 'classifier:IForestClassifier:max_features': 1.0, 'classifier:IForestClassifier:max_samples': 0.45, 'classifier:IForestClassifier:n_estimators': 40}",77,Success,0.0,IForestClassifier,NoPreprocessing,no_preprocessing,,,,,,,False,0.2,1.0,0.45,40.0,,,,,,,
0.4988344988344988,0.4988344988344988,0.2749673454329773,0.659085750579834,"{'classifier:__choice__': 'LOFClassifier', 'data_preprocessor:__choice__': 'NoPreprocessing', 'feature_preprocessor:__choice__': 'no_preprocessing', 'classifier:LOFClassifier:contamination': 0.2, 'classifier:LOFClassifier:n_neighbors': 24, 'classifier:LOFClassifier:p': 2}",272,Success,0.0,LOFClassifier,NoPreprocessing,no_preprocessing,,,,,,,,,,,,,,,,0.2,24.0,2.0
0.5337995337995338,0.5337995337995338,0.35845642062133787,0.8607273101806641,"{'classifier:__choice__': 'KNNClassifier', 'data_preprocessor:__choice__': 'NoPreprocessing', 'feature_preprocessor:__choice__': 'no_preprocessing', 'classifier:KNNClassifier:contamination': 0.1, 'classifier:KNNClassifier:method': 'largest', 'classifier:KNNClassifier:n_neighbors': 56, 'classifier:KNNClassifier:p': 2}",242,Success,0.0,KNNClassifier,NoPreprocessing,no_preprocessing,,,,,,,,,,,,0.1,largest,56.0,2.0,,,
0.4125874125874126,0.4125874125874126,0.20043346837891607,2.2551326751708984,"{'classifier:__choice__': 'CBLOFClassifier', 'data_preprocessor:__choice__': 'NoPreprocessing', 'feature_preprocessor:__choice__': 'no_preprocessing', 'classifier:CBLOFClassifier:alpha': 0.6, 'classifier:CBLOFClassifier:beta': 6, 'classifier:CBLOFClassifier:contamination': 0.5, 'classifier:CBLOFClassifier:n_clusters': 4, 'classifier:CBLOFClassifier:use_weights': 'False'}",298,Success,0.0,CBLOFClassifier,NoPreprocessing,no_preprocessing,0.6,6.0,0.5,4.0,False,,,,,,,,,,,,,
0.5710955710955711,0.5710955710955711,0.4026011026088637,1.0159645080566406,"{'classifier:__choice__': 'KNNClassifier', 'data_preprocessor:__choice__': 'NoPreprocessing', 'feature_preprocessor:__choice__': 'no_preprocessing', 'classifier:KNNClassifier:contamination': 0.3, 'classifier:KNNClassifier:method': 'largest', 'classifier:KNNClassifier:n_neighbors': 78, 'classifier:KNNClassifier:p': 2}",230,Success,0.0,KNNClassifier,NoPreprocessing,no_preprocessing,,,,,,,,,,,,0.3,largest,78.0,2.0,,,
0.710955710955711,0.710955710955711,0.45386691213855035,0.8498024940490723,"{'classifier:__choice__': 'LOFClassifier', 'data_preprocessor:__choice__': 'NoPreprocessing', 'feature_preprocessor:__choice__': 'no_preprocessing', 'classifier:LOFClassifier:contamination': 0.45, 'classifier:LOFClassifier:n_neighbors': 176, 'classifier:LOFClassifier:p': 2}",144,Success,0.0,LOFClassifier,NoPreprocessing,no_preprocessing,,,,,,,,,,,,,,,,0.45,176.0,2.0
0.7435897435897436,0.7435897435897436,0.5001177969603147,1.5885612964630127,"{'classifier:__choice__': 'IForestClassifier', 'data_preprocessor:__choice__': 'NoPreprocessing', 'feature_preprocessor:__choice__': 'no_preprocessing', 'classifier:IForestClassifier:bootstrap': 'False', 'classifier:IForestClassifier:contamination': 0.45, 'classifier:IForestClassifier:max_features': 1.0, 'classifier:IForestClassifier:max_samples': 0.35000000000000003, 'classifier:IForestClassifier:n_estimators': 150}",127,Success,0.0,IForestClassifier,NoPreprocessing,no_preprocessing,,,,,,,False,0.45,1.0,0.35000000000000003,150.0,,,,,,,
0.7435897435897436,0.7435897435897436,0.4921546130637039,1.1455836296081543,"{'classifier:__choice__': 'IForestClassifier', 'data_preprocessor:__choice__': 'NoPreprocessing', 'feature_preprocessor:__choice__': 'no_preprocessing', 'classifier:IForestClassifier:bootstrap': 'False', 'classifier:IForestClassifier:contamination': 0.45, 'classifier:IForestClassifier:max_features': 1.0, 'classifier:IForestClassifier:max_samples': 0.95, 'classifier:IForestClassifier:n_estimators': 95}",127,Success,0.0,IForestClassifier,NoPreprocessing,no_preprocessing,,,,,,,False,0.45,1.0,0.95,95.0,,,,,,,
0.7622377622377622,0.7622377622377622,0.504947392148349,1.056441307067871,"{'classifier:__choice__': 'IForestClassifier', 'data_preprocessor:__choice__': 'NoPreprocessing', 'feature_preprocessor:__choice__': 'no_preprocessing', 'classifier:IForestClassifier:bootstrap': 'False', 'classifier:IForestClassifier:contamination': 0.3, 'classifier:IForestClassifier:max_features': 1.0, 'classifier:IForestClassifier:max_samples': 0.5, 'classifier:IForestClassifier:n_estimators': 85}",110,Success,0.0,IForestClassifier,NoPreprocessing,no_preprocessing,,,,,,,False,0.3,1.0,0.5,85.0,,,,,,,
0.578088578088578,0.578088578088578,0.40427801358810034,0.884429931640625,"{'classifier:__choice__': 'KNNClassifier', 'data_preprocessor:__choice__': 'NoPreprocessing', 'feature_preprocessor:__choice__': 'no_preprocessing', 'classifier:KNNClassifier:contamination': 0.2, 'classifier:KNNClassifier:method': 'largest', 'classifier:KNNClassifier:n_neighbors': 88, 'classifier:KNNClassifier:p': 2}",224,Success,0.0,KNNClassifier,NoPreprocessing,no_preprocessing,,,,,,,,,,,,0.2,largest,88.0,2.0,,,
0.8158508158508158,0.8158508158508158,0.5396586182682439,1.243511438369751,"{'classifier:__choice__': 'IForestClassifier', 'data_preprocessor:__choice__': 'NoPreprocessing', 'feature_preprocessor:__choice__': 'no_preprocessing', 'classifier:IForestClassifier:bootstrap': 'False', 'classifier:IForestClassifier:contamination': 0.05, 'classifier:IForestClassifier:max_features': 1.0, 'classifier:IForestClassifier:max_samples': 0.45, 'classifier:IForestClassifier:n_estimators': 115}",49,Success,0.0,IForestClassifier,NoPreprocessing,no_preprocessing,,,,,,,False,0.05,1.0,0.45,115.0,,,,,,,
0.4242424242424243,0.4242424242424243,0.21452318781953317,2.2607250213623047,"{'classifier:__choice__': 'CBLOFClassifier', 'data_preprocessor:__choice__': 'NoPreprocessing', 'feature_preprocessor:__choice__': 'no_preprocessing', 'classifier:CBLOFClassifier:alpha': 0.8500000000000001, 'classifier:CBLOFClassifier:beta': 14, 'classifier:CBLOFClassifier:contamination': 0.3, 'classifier:CBLOFClassifier:n_clusters': 10, 'classifier:CBLOFClassifier:use_weights': 'False'}",293,Success,0.0,CBLOFClassifier,NoPreprocessing,no_preprocessing,0.8500000000000001,14.0,0.3,10.0,False,,,,,,,,,,,,,
0.7435897435897436,0.7435897435897436,0.500322981694362,1.5829236507415771,"{'classifier:__choice__': 'IForestClassifier', 'data_preprocessor:__choice__': 'NoPreprocessing', 'feature_preprocessor:__choice__': 'no_preprocessing', 'classifier:IForestClassifier:bootstrap': 'False', 'classifier:IForestClassifier:contamination': 0.3, 'classifier:IForestClassifier:max_features': 1.0, 'classifier:IForestClassifier:max_samples': 0.35000000000000003, 'classifier:IForestClassifier:n_estimators': 145}",127,Success,0.0,IForestClassifier,NoPreprocessing,no_preprocessing,,,,,,,False,0.3,1.0,0.35000000000000003,145.0,,,,,,,
0.5804195804195804,0.5804195804195804,0.252187947025885,2.2794787883758545,"{'classifier:__choice__': 'CBLOFClassifier', 'data_preprocessor:__choice__': 'NoPreprocessing', 'feature_preprocessor:__choice__': 'no_preprocessing', 'classifier:CBLOFClassifier:alpha': 0.5, 'classifier:CBLOFClassifier:beta': 2, 'classifier:CBLOFClassifier:contamination': 0.3, 'classifier:CBLOFClassifier:n_clusters': 4, 'classifier:CBLOFClassifier:use_weights': 'False'}",219,Success,0.0,CBLOFClassifier,NoPreprocessing,no_preprocessing,0.5,2.0,0.3,4.0,False,,,,,,,,,,,,,
0.5244755244755244,0.5244755244755244,0.3564897711109759,0.9932904243469238,"{'classifier:__choice__': 'KNNClassifier', 'data_preprocessor:__choice__': 'NoPreprocessing', 'feature_preprocessor:__choice__': 'no_preprocessing', 'classifier:KNNClassifier:contamination': 0.2, 'classifier:KNNClassifier:method': 'largest', 'classifier:KNNClassifier:n_neighbors': 53, 'classifier:KNNClassifier:p': 2}",250,Success,0.0,KNNClassifier,NoPreprocessing,no_preprocessing,,,,,,,,,,,,0.2,largest,53.0,2.0,,,
0.6317016317016316,0.6317016317016316,0.3983502212073641,0.7807130813598633,"{'classifier:__choice__': 'IForestClassifier', 'data_preprocessor:__choice__': 'NoPreprocessing', 'feature_preprocessor:__choice__': 'no_preprocessing', 'classifier:IForestClassifier:bootstrap': 'False', 'classifier:IForestClassifier:contamination': 0.15000000000000002, 'classifier:IForestClassifier:max_features': 1.0, 'classifier:IForestClassifier:max_samples': 0.8500000000000001, 'classifier:IForestClassifier:n_estimators': 15}",191,Success,0.0,IForestClassifier,NoPreprocessing,no_preprocessing,,,,,,,False,0.15000000000000002,1.0,0.8500000000000001,15.0,,,,,,,
0.49650349650349646,0.49650349650349646,0.33454063821980173,0.8236739635467529,"{'classifier:__choice__': 'KNNClassifier', 'data_preprocessor:__choice__': 'NoPreprocessing', 'feature_preprocessor:__choice__': 'no_preprocessing', 'classifier:KNNClassifier:contamination': 0.15000000000000002, 'classifier:KNNClassifier:method': 'largest', 'classifier:KNNClassifier:n_neighbors': 18, 'classifier:KNNClassifier:p': 2}",276,Success,0.0,KNNClassifier,NoPreprocessing,no_preprocessing,,,,,,,,,,,,0.15000000000000002,largest,18.0,2.0,,,
0.7762237762237761,0.7762237762237761,0.521623260956428,0.753605842590332,"{'classifier:__choice__': 'IForestClassifier', 'data_preprocessor:__choice__': 'NoPreprocessing', 'feature_preprocessor:__choice__': 'no_preprocessing', 'classifier:IForestClassifier:bootstrap': 'False', 'classifier:IForestClassifier:contamination': 0.05, 'classifier:IForestClassifier:max_features': 1.0, 'classifier:IForestClassifier:max_samples': 0.45, 'classifier:IForestClassifier:n_estimators': 35}",95,Success,0.0,IForestClassifier,NoPreprocessing,no_preprocessing,,,,,,,False,0.05,1.0,0.45,35.0,,,,,,,
0.4988344988344988,0.4988344988344988,0.2749673454329773,0.6668920516967773,"{'classifier:__choice__': 'LOFClassifier', 'data_preprocessor:__choice__': 'NoPreprocessing', 'feature_preprocessor:__choice__': 'no_preprocessing', 'classifier:LOFClassifier:contamination': 0.05, 'classifier:LOFClassifier:n_neighbors': 24, 'classifier:LOFClassifier:p': 2}",272,Success,0.0,LOFClassifier,NoPreprocessing,no_preprocessing,,,,,,,,,,,,,,,,0.05,24.0,2.0
0.4522144522144522,0.4522144522144522,0.2563880598267363,0.8036584854125977,"{'classifier:__choice__': 'KNNClassifier', 'data_preprocessor:__choice__': 'NoPreprocessing', 'feature_preprocessor:__choice__': 'no_preprocessing', 'classifier:KNNClassifier:contamination': 0.15000000000000002, 'classifier:KNNClassifier:method': 'largest', 'classifier:KNNClassifier:n_neighbors': 4, 'classifier:KNNClassifier:p': 2}",288,Success,0.0,KNNClassifier,NoPreprocessing,no_preprocessing,,,,,,,,,,,,0.15000000000000002,largest,4.0,2.0,,,
0.4708624708624709,0.4708624708624709,0.22366575638438602,0.6285438537597656,"{'classifier:__choice__': 'LOFClassifier', 'data_preprocessor:__choice__': 'NoPreprocessing', 'feature_preprocessor:__choice__': 'no_preprocessing', 'classifier:LOFClassifier:contamination': 0.25, 'classifier:LOFClassifier:n_neighbors': 3, 'classifier:LOFClassifier:p': 2}",283,Success,0.0,LOFClassifier,NoPreprocessing,no_preprocessing,,,,,,,,,,,,,,,,0.25,3.0,2.0
0.7902097902097902,0.7902097902097902,0.5264294466517939,1.613102674484253,"{'classifier:__choice__': 'IForestClassifier', 'data_preprocessor:__choice__': 'NoPreprocessing', 'feature_preprocessor:__choice__': 'no_preprocessing', 'classifier:IForestClassifier:bootstrap': 'False', 'classifier:IForestClassifier:contamination': 0.1, 'classifier:IForestClassifier:max_features': 1.0, 'classifier:IForestClassifier:max_samples': 0.5, 'classifier:IForestClassifier:n_estimators': 165}",66,Success,0.0,IForestClassifier,NoPreprocessing,no_preprocessing,,,,,,,False,0.1,1.0,0.5,165.0,,,,,,,
0.5244755244755244,0.5244755244755244,0.3564897711109759,0.8571114540100098,"{'classifier:__choice__': 'KNNClassifier', 'data_preprocessor:__choice__': 'NoPreprocessing', 'feature_preprocessor:__choice__': 'no_preprocessing', 'classifier:KNNClassifier:contamination': 0.35000000000000003, 'classifier:KNNClassifier:method': 'largest', 'classifier:KNNClassifier:n_neighbors': 53, 'classifier:KNNClassifier:p': 2}",250,Success,0.0,KNNClassifier,NoPreprocessing,no_preprocessing,,,,,,,,,,,,0.35000000000000003,largest,53.0,2.0,,,
0.5244755244755244,0.5244755244755244,0.3566446699755521,0.9890642166137695,"{'classifier:__choice__': 'KNNClassifier', 'data_preprocessor:__choice__': 'NoPreprocessing', 'feature_preprocessor:__choice__': 'no_preprocessing', 'classifier:KNNClassifier:contamination': 0.25, 'classifier:KNNClassifier:method': 'largest', 'classifier:KNNClassifier:n_neighbors': 48, 'classifier:KNNClassifier:p': 2}",250,Success,0.0,KNNClassifier,NoPreprocessing,no_preprocessing,,,,,,,,,,,,0.25,largest,48.0,2.0,,,
0.7808857808857809,0.7808857808857809,0.5031442673488128,1.898681402206421,"{'classifier:__choice__': 'IForestClassifier', 'data_preprocessor:__choice__': 'NoPreprocessing', 'feature_preprocessor:__choice__': 'no_preprocessing', 'classifier:IForestClassifier:bootstrap': 'False', 'classifier:IForestClassifier:contamination': 0.3, 'classifier:IForestClassifier:max_features': 1.0, 'classifier:IForestClassifier:max_samples': 0.6000000000000001, 'classifier:IForestClassifier:n_estimators': 200}",79,Success,0.0,IForestClassifier,NoPreprocessing,no_preprocessing,,,,,,,False,0.3,1.0,0.6000000000000001,200.0,,,,,,,
0.710955710955711,0.710955710955711,0.48054958344821475,0.7474551200866699,"{'classifier:__choice__': 'IForestClassifier', 'data_preprocessor:__choice__': 'NoPreprocessing', 'feature_preprocessor:__choice__': 'no_preprocessing', 'classifier:IForestClassifier:bootstrap': 'False', 'classifier:IForestClassifier:contamination': 0.2, 'classifier:IForestClassifier:max_features': 1.0, 'classifier:IForestClassifier:max_samples': 0.4, 'classifier:IForestClassifier:n_estimators': 35}",144,Success,0.0,IForestClassifier,NoPreprocessing,no_preprocessing,,,,,,,False,0.2,1.0,0.4,35.0,,,,,,,
0.5151515151515151,0.5151515151515151,0.28337513288378113,0.6569395065307617,"{'classifier:__choice__': 'LOFClassifier', 'data_preprocessor:__choice__': 'NoPreprocessing', 'feature_preprocessor:__choice__': 'no_preprocessing', 'classifier:LOFClassifier:contamination': 0.4, 'classifier:LOFClassifier:n_neighbors': 32, 'classifier:LOFClassifier:p': 2}",257,Success,0.0,LOFClassifier,NoPreprocessing,no_preprocessing,,,,,,,,,,,,,,,,0.4,32.0,2.0
0.5081585081585082,0.5081585081585082,0.352172178521574,0.8420405387878418,"{'classifier:__choice__': 'KNNClassifier', 'data_preprocessor:__choice__': 'NoPreprocessing', 'feature_preprocessor:__choice__': 'no_preprocessing', 'classifier:KNNClassifier:contamination': 0.4, 'classifier:KNNClassifier:method': 'largest', 'classifier:KNNClassifier:n_neighbors': 36, 'classifier:KNNClassifier:p': 2}",265,Success,0.0,KNNClassifier,NoPreprocessing,no_preprocessing,,,,,,,,,,,,0.4,largest,36.0,2.0,,,
0.3613053613053613,0.3613053613053613,0.22653017611214532,2.2865569591522217,"{'classifier:__choice__': 'CBLOFClassifier', 'data_preprocessor:__choice__': 'NoPreprocessing', 'feature_preprocessor:__choice__': 'no_preprocessing', 'classifier:CBLOFClassifier:alpha': 0.9, 'classifier:CBLOFClassifier:beta': 8, 'classifier:CBLOFClassifier:contamination': 0.2, 'classifier:CBLOFClassifier:n_clusters': 8, 'classifier:CBLOFClassifier:use_weights': 'False'}",304,Success,0.0,CBLOFClassifier,NoPreprocessing,no_preprocessing,0.9,8.0,0.2,8.0,False,,,,,,,,,,,,,
0.3706293706293706,0.3706293706293706,0.18365424672267416,2.311910629272461,"{'classifier:__choice__': 'CBLOFClassifier', 'data_preprocessor:__choice__': 'NoPreprocessing', 'feature_preprocessor:__choice__': 'no_preprocessing', 'classifier:CBLOFClassifier:alpha': 0.8, 'classifier:CBLOFClassifier:beta': 18, 'classifier:CBLOFClassifier:contamination': 0.25, 'classifier:CBLOFClassifier:n_clusters': 16, 'classifier:CBLOFClassifier:use_weights': 'False'}",302,Success,0.0,CBLOFClassifier,NoPreprocessing,no_preprocessing,0.8,18.0,0.25,16.0,False,,,,,,,,,,,,,
0.4522144522144522,0.4522144522144522,0.31160241075902495,0.6549546718597412,"{'classifier:__choice__': 'LOFClassifier', 'data_preprocessor:__choice__': 'NoPreprocessing', 'feature_preprocessor:__choice__': 'no_preprocessing', 'classifier:LOFClassifier:contamination': 0.4, 'classifier:LOFClassifier:n_neighbors': 4, 'classifier:LOFClassifier:p': 2}",288,Success,0.0,LOFClassifier,NoPreprocessing,no_preprocessing,,,,,,,,,,,,,,,,0.4,4.0,2.0
0.6853146853146853,0.6853146853146853,0.4279116201510881,0.7016575336456299,"{'classifier:__choice__': 'LOFClassifier', 'data_preprocessor:__choice__': 'NoPreprocessing', 'feature_preprocessor:__choice__': 'no_preprocessing', 'classifier:LOFClassifier:contamination': 0.15000000000000002, 'classifier:LOFClassifier:n_neighbors': 113, 'classifier:LOFClassifier:p': 2}",165,Success,0.0,LOFClassifier,NoPreprocessing,no_preprocessing,,,,,,,,,,,,,,,,0.15000000000000002,113.0,2.0
0.8228438228438227,0.8228438228438227,0.5533669662470403,1.5893781185150146,"{'classifier:__choice__': 'IForestClassifier', 'data_preprocessor:__choice__': 'NoPreprocessing', 'feature_preprocessor:__choice__': 'no_preprocessing', 'classifier:IForestClassifier:bootstrap': 'False', 'classifier:IForestClassifier:contamination': 0.45, 'classifier:IForestClassifier:max_features': 1.0, 'classifier:IForestClassifier:max_samples': 0.45, 'classifier:IForestClassifier:n_estimators': 170}",36,Success,0.0,IForestClassifier,NoPreprocessing,no_preprocessing,,,,,,,False,0.45,1.0,0.45,170.0,,,,,,,
0.3543123543123543,0.3543123543123543,0.22200894699258333,2.2696964740753174,"{'classifier:__choice__': 'CBLOFClassifier', 'data_preprocessor:__choice__': 'NoPreprocessing', 'feature_preprocessor:__choice__': 'no_preprocessing', 'classifier:CBLOFClassifier:alpha': 0.8, 'classifier:CBLOFClassifier:beta': 4, 'classifier:CBLOFClassifier:contamination': 0.15000000000000002, 'classifier:CBLOFClassifier:n_clusters': 6, 'classifier:CBLOFClassifier:use_weights': 'False'}",312,Success,0.0,CBLOFClassifier,NoPreprocessing,no_preprocessing,0.8,4.0,0.15000000000000002,6.0,False,,,,,,,,,,,,,
0.0,,,0.6089444160461426,"{'classifier:__choice__': 'CBLOFClassifier', 'data_preprocessor:__choice__': 'NoPreprocessing', 'feature_preprocessor:__choice__': 'no_preprocessing', 'classifier:CBLOFClassifier:alpha': 1.0, 'classifier:CBLOFClassifier:beta': 4, 'classifier:CBLOFClassifier:contamination': 0.2, 'classifier:CBLOFClassifier:n_clusters': 6, 'classifier:CBLOFClassifier:use_weights': 'False'}",324,Crash,0.0,CBLOFClassifier,NoPreprocessing,no_preprocessing,1.0,4.0,0.2,6.0,False,,,,,,,,,,,,,
0.641025641025641,0.641025641025641,0.42847442560464344,1.1055457592010498,"{'classifier:__choice__': 'KNNClassifier', 'data_preprocessor:__choice__': 'NoPreprocessing', 'feature_preprocessor:__choice__': 'no_preprocessing', 'classifier:KNNClassifier:contamination': 0.15000000000000002, 'classifier:KNNClassifier:method': 'largest', 'classifier:KNNClassifier:n_neighbors': 198, 'classifier:KNNClassifier:p': 2}",183,Success,0.0,KNNClassifier,NoPreprocessing,no_preprocessing,,,,,,,,,,,,0.15000000000000002,largest,198.0,2.0,,,
0.5804195804195804,0.5804195804195804,0.252187947025885,2.3246564865112305,"{'classifier:__choice__': 'CBLOFClassifier', 'data_preprocessor:__choice__': 'NoPreprocessing', 'feature_preprocessor:__choice__': 'no_preprocessing', 'classifier:CBLOFClassifier:alpha': 0.65, 'classifier:CBLOFClassifier:beta': 10, 'classifier:CBLOFClassifier:contamination': 0.15000000000000002, 'classifier:CBLOFClassifier:n_clusters': 4, 'classifier:CBLOFClassifier:use_weights': 'False'}",219,Success,0.0,CBLOFClassifier,NoPreprocessing,no_preprocessing,0.65,10.0,0.15000000000000002,4.0,False,,,,,,,,,,,,,
0.696969696969697,0.696969696969697,0.44165178256087345,0.8407926559448242,"{'classifier:__choice__': 'LOFClassifier', 'data_preprocessor:__choice__': 'NoPreprocessing', 'feature_preprocessor:__choice__': 'no_preprocessing', 'classifier:LOFClassifier:contamination': 0.4, 'classifier:LOFClassifier:n_neighbors': 127, 'classifier:LOFClassifier:p': 2}",161,Success,0.0,LOFClassifier,NoPreprocessing,no_preprocessing,,,,,,,,,,,,,,,,0.4,127.0,2.0
0.3613053613053613,0.3613053613053613,0.22653017611214532,2.3897228240966797,"{'classifier:__choice__': 'CBLOFClassifier', 'data_preprocessor:__choice__': 'NoPreprocessing', 'feature_preprocessor:__choice__': 'no_preprocessing', 'classifier:CBLOFClassifier:alpha': 0.8500000000000001, 'classifier:CBLOFClassifier:beta': 6, 'classifier:CBLOFClassifier:contamination': 0.1, 'classifier:CBLOFClassifier:n_clusters': 8, 'classifier:CBLOFClassifier:use_weights': 'False'}",304,Success,0.0,CBLOFClassifier,NoPreprocessing,no_preprocessing,0.8500000000000001,6.0,0.1,8.0,False,,,,,,,,,,,,,
0.7132867132867133,0.7132867132867133,0.4996104905195815,0.72625732421875,"{'classifier:__choice__': 'LOFClassifier', 'data_preprocessor:__choice__': 'NoPreprocessing', 'feature_preprocessor:__choice__': 'no_preprocessing', 'classifier:LOFClassifier:contamination': 0.4, 'classifier:LOFClassifier:n_neighbors': 199, 'classifier:LOFClassifier:p': 2}",139,Success,0.0,LOFClassifier,NoPreprocessing,no_preprocessing,,,,,,,,,,,,,,,,0.4,199.0,2.0
0.7062937062937062,0.7062937062937062,0.44654944767525684,0.700800895690918,"{'classifier:__choice__': 'LOFClassifier', 'data_preprocessor:__choice__': 'NoPreprocessing', 'feature_preprocessor:__choice__': 'no_preprocessing', 'classifier:LOFClassifier:contamination': 0.2, 'classifier:LOFClassifier:n_neighbors': 156, 'classifier:LOFClassifier:p': 2}",152,Success,0.0,LOFClassifier,NoPreprocessing,no_preprocessing,,,,,,,,,,,,,,,,0.2,156.0,2.0
0.3613053613053613,0.3613053613053613,0.22653017611214532,2.243678331375122,"{'classifier:__choice__': 'CBLOFClassifier', 'data_preprocessor:__choice__': 'NoPreprocessing', 'feature_preprocessor:__choice__': 'no_preprocessing', 'classifier:CBLOFClassifier:alpha': 0.55, 'classifier:CBLOFClassifier:beta': 2, 'classifier:CBLOFClassifier:contamination': 0.05, 'classifier:CBLOFClassifier:n_clusters': 8, 'classifier:CBLOFClassifier:use_weights': 'False'}",304,Success,0.0,CBLOFClassifier,NoPreprocessing,no_preprocessing,0.55,2.0,0.05,8.0,False,,,,,,,,,,,,,
0.5477855477855478,0.5477855477855478,0.2805496502736442,0.6704108715057373,"{'classifier:__choice__': 'LOFClassifier', 'data_preprocessor:__choice__': 'NoPreprocessing', 'feature_preprocessor:__choice__': 'no_preprocessing', 'classifier:LOFClassifier:contamination': 0.5, 'classifier:LOFClassifier:n_neighbors': 44, 'classifier:LOFClassifier:p': 2}",235,Success,0.0,LOFClassifier,NoPreprocessing,no_preprocessing,,,,,,,,,,,,,,,,0.5,44.0,2.0
0.5244755244755244,0.5244755244755244,0.3566446699755521,0.8443667888641357,"{'classifier:__choice__': 'KNNClassifier', 'data_preprocessor:__choice__': 'NoPreprocessing', 'feature_preprocessor:__choice__': 'no_preprocessing', 'classifier:KNNClassifier:contamination': 0.1, 'classifier:KNNClassifier:method': 'largest', 'classifier:KNNClassifier:n_neighbors': 48, 'classifier:KNNClassifier:p': 2}",250,Success,0.0,KNNClassifier,NoPreprocessing,no_preprocessing,,,,,,,,,,,,0.1,largest,48.0,2.0,,,
0.7925407925407925,0.7925407925407925,0.527100875686272,1.3024988174438477,"{'classifier:__choice__': 'IForestClassifier', 'data_preprocessor:__choice__': 'NoPreprocessing', 'feature_preprocessor:__choice__': 'no_preprocessing', 'classifier:IForestClassifier:bootstrap': 'False', 'classifier:IForestClassifier:contamination': 0.3, 'classifier:IForestClassifier:max_features': 1.0, 'classifier:IForestClassifier:max_samples': 0.5, 'classifier:IForestClassifier:n_estimators': 115}",65,Success,0.0,IForestClassifier,NoPreprocessing,no_preprocessing,,,,,,,False,0.3,1.0,0.5,115.0,,,,,,,
